64.55
61.99
60.91
68.09
58.04
58.85
65.46
80.68
79.11
58.55
82.13
73.42
79.92
77.43
78.04
63.50
59.66
67.14
74.59
70.61
69.95
78.72
65.80
76.75
65.52
57.22
71.77
79.56
60.48
65.33
62.71
76.08
59.45
70.17
69.63
66.51
57.14
62.72
63.77
60.89
81.37
76.16
60.74
58.22
75.46
66.32
82.41
78.21
62.41
67.23
75.96
62.04
60.39
77.88
60.07
77.14
79.24
74.01
77.79
65.12
81.75
67.20
62.58
71.27
71.49
69.96
82.61
61.86
73.32
69.02
71.54
78.89
63.09
73.01
74.73
80.21
76.10
66.93
64.17
58.17
71.95
59.67
62.70
73.45
80.02
62.16
77.40
82.34
81.58
58.78
58.01
58.19
61.26
73.90
60.37
64.65
63.55
78.78
70.78
73.66
61.91
70.83
67.09
69.94
58.81
73.96
72.85
59.15
62.32
69.01
74.68
56.94
57.23
77.42
80.12
80.45
76.53
60.48
81.88
77.36
77.71
61.34
75.26
78.90
65.82
76.71
79.09
73.18
81.06
69.01
71.71
76.10
65.05
61.74
65.79
65.58
77.94
68.68
64.19
60.41
72.48
71.64
71.72
64.72
73.42
62.90
61.88
81.33
78.89
78.36
74.61
60.47
65.11
67.30
79.39
58.27
74.45
68.71
61.71
68.69
73.19
69.66
81.69
61.16
58.27
66.36
77.95
70.00
77.95
80.76
61.29
73.44
70.75
63.12
60.65
72.28
71.52
75.58
81.89
68.30
70.56
80.26
77.55
62.69
62.47
69.45
77.41
65.10
80.12
80.09
65.56
65.75
67.66
63.29
63.73
76.22
63.90
80.53
75.19
72.37
67.21
58.45
59.41
81.92
58.86
67.79
75.97
70.73
66.71
58.91
66.07
57.96
57.27
76.77
61.34
74.45
68.18
61.55
58.23
61.17
79.63
75.06
82.66
64.88
60.82
69.17
77.20
73.61
58.43
61.09
58.60
64.64
75.49
71.70
74.22
60.29
78.27
67.53
71.77
59.67
82.46
79.96
71.67
58.68
61.23
64.98
81.99
79.54
61.79
75.27
73.53
74.93
69.46
68.59
74.02
68.52
65.34
79.15
77.74
72.93
70.05
69.40
67.34
63.30
57.53
79.01
58.23
77.52
67.93
78.02
70.11
67.64
58.09
72.12
82.39
65.48
77.32
56.83
81.12
78.04
77.97
78.93
66.85
67.61
76.24
77.49
74.51
79.48
73.85
79.17
79.83
61.25
68.74
71.85
69.34
66.98
78.94
57.95
60.00
67.46
57.23
77.38
74.55
57.75
61.34
74.42
74.37
73.16
79.34
78.29
78.74
58.73
73.96
58.42
63.22
58.27
56.88
68.60
69.02
79.09
70.16
67.90
62.47
67.05
58.72
79.92
64.46
81.33
76.14
60.26
71.59
60.85
78.75
71.31
67.52
60.84
70.11
71.75
69.28
65.83
80.55
66.87
67.74
79.13
58.88
66.87
73.82
67.26
63.34
82.71
62.93
59.68
72.20
76.58
81.20
60.59
57.83
69.35
75.85
80.51
68.33
66.17
63.12
58.19
64.08
81.69
58.95
82.55
70.47
68.65
59.44
62.49
62.58
70.31
57.16
71.06
64.66
62.66
68.02
60.39
81.78
65.67
78.09
81.28
77.93
76.30
81.14
78.35
59.89
76.42
81.20
72.96
69.79
58.70
61.49
61.11
75.21
58.15
57.94
81.77
70.78
70.97
61.35
72.67
61.89
64.32
79.10
69.42
82.72
57.94
79.97
72.20
71.55
63.60
69.08
65.09
74.12
57.40
62.06
61.89
57.16
79.18
64.47
82.25
62.97
82.61
77.83
73.07
73.61
62.31
57.76
78.26
69.89
60.47
61.87
78.36
74.80
62.66
59.32
80.88
62.53
68.50
80.01
61.78
65.42
80.01
73.69
81.47
70.35
64.47
69.88
74.33
70.43
77.59
82.67
73.12
65.26
63.96
63.87
65.64
66.29
77.18
75.60
69.17
67.03
74.05
61.54
60.73
81.74
72.24
73.20
58.92
68.40
65.64
78.66
67.33
63.03
80.46
68.71
80.39
68.68
63.81
77.55
62.68
59.43
66.25
67.03
80.75
75.25
63.15
74.63
77.20
62.20
68.66
58.31
76.13
63.48
81.83
72.81
79.69
63.89
71.99
80.82
74.00
70.38
73.93
63.61
70.87
57.31
62.70
57.30
70.31
68.28
61.28
79.42
70.71
82.72
63.95
57.07
71.02
76.00
64.14
70.81
69.23
78.11
71.69
68.52
71.88
64.24
64.51
71.06
64.67
74.68
66.82
68.40
70.07
82.21
59.90
61.02
63.61
76.46
57.69
82.36
79.48
67.10
79.33
58.86
63.69
67.56
70.39
61.09
78.74
74.19
68.76
58.86
71.68
81.85
57.36
59.45
58.11
72.35
69.75
69.50
66.82
66.94
75.02
56.88
58.90
58.56
69.74
76.05
58.23
65.32
76.63
69.22
81.85
73.99
79.67
75.17
73.80
63.00
79.96
79.85
63.68
68.26
81.89
73.35
59.44
68.10
70.04
58.33
67.46
80.08
73.98
58.65
77.58
60.01
69.69
71.65
64.89
76.83
79.90
66.50
81.37
59.83
82.08
60.34
77.34
63.06
61.07
61.62
70.23
65.37
65.88
82.48
57.21
69.61
67.24
75.66
78.65
72.86
77.12
70.07
78.90
64.46
58.94
71.47
59.13
74.69
82.23
60.02
80.22
82.37
68.63
63.32
73.40
66.12
57.76
71.20
80.04
74.32
70.81
73.55
71.18
59.87
78.79
57.17
71.55
58.73
75.43
82.09
75.89
81.23
74.37
81.91
81.75
67.80
64.20
62.48
59.84
71.27
80.28
71.61
73.75
82.72
68.48
61.10
59.01
58.29
65.90
59.37
66.37
70.38
73.84
70.89
70.10
77.01
70.55
80.13
77.59
58.31
59.37
81.99
78.34
79.46
63.74
65.45
78.83
66.38
78.09
82.32
64.64
67.78
57.12
58.90
63.80
81.46
82.38
66.14
79.86
67.45
76.21
72.50
57.21
76.70
57.52
79.65
67.03
71.46
64.27
69.45
70.42
65.20
70.26
66.52
79.83
72.91
65.44
69.18
76.48
72.84
63.11
64.59
62.47
73.34
79.64
74.73
69.04
63.69
70.49
74.09
68.00
74.94
69.79
68.82
66.19
79.27
75.82
72.76
63.72
68.85
67.51
82.34
71.18
65.52
69.75
67.86
58.28
72.68
57.94
77.30
81.39
73.64
66.82
64.94
59.93
82.49
62.98
61.86
69.46
71.51
76.50
70.74
81.62
58.38
61.13
67.64
60.20
79.79
74.05
70.72
61.92
81.35
76.11
77.13
63.85
71.30
73.82
77.76
82.49
80.89
63.64
79.64
57.63
74.70
65.67
62.22
62.18
75.56
78.89
63.12
81.39
70.59
66.23
64.57
72.23
70.70
65.90
80.94
63.75
63.85
82.32
64.92
71.33
66.48
75.85
82.18
76.94
72.66
60.58
68.08
58.85
76.85
57.46
71.36
75.70
56.88
77.84
80.56
61.15
69.74
79.90
80.64
75.60
69.70
67.01
69.29
72.32
69.67
66.23
68.29
64.40
77.63
69.38
73.82
57.54
79.63
79.24
57.03
82.33
56.95
77.52
62.64
74.85
79.73
74.08
81.82
71.76
75.06
75.25
78.76
80.07
70.89
69.60
63.69
70.12
73.12
78.00
57.07
65.97
67.94
71.03
69.01
63.34
60.41
72.60
64.41
74.69
57.02
79.65
72.59
68.54
75.30
72.05
62.82
65.85
82.20
72.53
66.09
61.69
58.10
78.00
60.80
80.38
65.30
70.40
71.24
78.57
58.45
62.02
82.29
68.25
62.05
66.58
81.82
68.79
74.84
81.38
67.85
76.52
71.59
58.16
64.32
64.50
58.33
68.69
62.48
59.58
82.36
60.17
57.14
69.19
74.43
66.72
78.09
73.23
69.94
82.36
77.13
64.73
61.90
67.94
72.47
81.93
77.03
79.51
72.57
56.88
70.70
59.20
65.03
58.44
72.17
75.60
62.96
81.94
64.47
62.93
81.35
62.93
69.96
70.19
76.92
79.93
65.56
81.61
69.38
78.23
73.03
81.30
72.43
68.45
75.56
63.12
79.43
75.98
70.55
78.42
79.04
80.99
69.66
67.14
67.44
75.13
65.43
68.20
71.26
70.98
75.37
71.87
72.70
63.85
64.78
80.49
63.59
68.09
81.08
71.21
67.27
78.66
82.32
70.81
68.13
79.79
75.99
57.95
82.82
61.75
82.09
76.47
74.46
65.05
75.99
74.67
71.77
76.35
76.25
82.50
78.71
67.08
68.39
63.80
61.59
66.02
77.56
79.05
62.38
71.45
66.92
75.33
71.15
79.56
81.17
82.62
67.03
68.68
63.88
78.05
68.73
73.28
68.48
62.12
62.89
74.70
66.06
67.83
60.63
72.83
73.94
65.90
79.98
62.87
61.40
82.44
64.62
80.90
73.39
60.17
59.16
70.36
78.73
60.16
67.19
59.57
70.92
66.04
62.61
57.75
72.27
73.09
58.79
66.12
59.78
68.23
81.15
62.12
82.15
73.24
63.54
64.15
68.71
61.69
75.39
70.19
72.09
69.92
75.15
82.66
61.58
74.11
73.23
58.92
60.39
66.61
65.12
65.48
65.87
66.38
78.56
82.48
78.41
69.77
69.79
57.76
62.18
64.87
67.23
60.36
62.40
79.73
71.91
74.77
82.26
63.99
58.37
63.28
82.37
77.41
81.23
76.15
62.13
73.02
67.45
72.78
81.87
58.11
67.97
60.13
60.42
78.39
61.57
62.83
75.12
73.59
76.08
70.72
68.90
75.81
80.10
66.28
80.98
57.27
78.85
57.33
58.02
63.26
74.12
72.86
68.31
81.58
64.47
61.90
59.73
76.99
74.93
59.54
80.95
80.86
58.62
65.60
72.22
67.87
61.22
80.49
56.98
79.30
69.36
79.44
58.61
76.85
62.78
76.76
74.66
71.82
70.66
66.81
61.54
72.57
59.30
66.41
80.42
69.11
81.42
71.00
65.94
70.31
65.99
77.96
70.74
67.77
67.55
69.98
64.84
71.61
60.17
57.30
70.60
74.71
68.83
61.97
67.24
80.87
74.45
67.14
82.03
69.98
75.23
74.03
58.91
73.21
76.45
57.21
82.54
58.76
68.63
78.71
75.90
60.57
80.14
63.85
77.25
77.49
67.52
80.62
68.92
74.86
78.38
