21.04
20.11
16.63
18.35
16.98
18.82
20.33
17.51
20.53
19.71
18.31
19.35
16.88
19.26
18.64
18.95
21.46
18.92
16.78
20.51
21.03
20.61
20.64
19.78
17.90
20.28
20.93
21.56
20.00
21.45
17.25
16.60
17.08
20.19
21.17
19.27
18.79
20.00
17.12
20.88
20.41
19.90
21.32
17.63
17.87
19.31
17.87
18.15
21.54
18.59
18.64
21.05
20.51
20.27
16.77
21.25
20.13
20.82
18.57
19.92
16.63
17.73
18.47
20.31
19.02
19.42
19.54
17.51
20.01
20.22
18.33
18.17
17.00
19.59
18.44
19.25
18.35
19.73
20.57
18.42
19.47
20.20
17.56
17.27
18.72
20.99
17.47
20.24
19.09
19.00
21.06
18.80
19.69
20.49
17.93
18.23
19.19
19.61
18.56
19.81
19.76
20.03
21.05
16.57
19.97
16.75
18.77
17.42
18.67
20.43
21.41
19.29
19.10
19.45
18.15
21.22
16.77
17.65
17.80
17.19
21.00
19.69
21.19
17.93
18.44
21.42
20.22
20.02
17.70
21.27
18.86
20.74
17.93
20.53
18.00
20.19
19.02
18.05
18.43
20.86
17.62
20.46
17.73
18.67
19.64
20.42
17.55
17.20
17.21
20.90
18.71
19.14
20.76
19.81
21.13
16.72
19.30
17.97
18.55
18.42
19.28
17.43
17.93
17.22
16.66
20.88
17.73
19.17
19.90
20.83
20.14
17.73
18.91
17.64
16.93
20.11
16.53
18.39
17.98
18.93
18.34
19.91
19.72
18.61
17.08
18.90
21.40
17.08
20.27
17.71
19.21
20.64
20.57
20.67
21.20
20.14
16.72
20.93
20.01
17.48
20.47
20.02
19.61
19.11
21.45
16.57
20.98
19.26
16.87
19.41
20.15
20.79
18.67
16.91
18.25
20.50
21.37
18.79
21.05
18.95
20.43
19.87
17.45
21.06
20.79
18.49
18.62
20.78
20.82
20.90
17.36
19.68
21.54
20.02
17.07
21.47
18.86
17.55
20.21
16.84
18.04
19.50
19.58
18.37
21.44
17.12
17.35
20.36
17.55
21.48
19.07
19.79
19.86
18.28
16.59
16.81
17.70
19.70
18.71
16.87
20.71
18.56
18.61
17.95
17.31
19.22
18.59
20.95
20.50
16.58
19.85
16.93
19.95
18.96
17.48
18.77
20.70
18.86
18.03
20.53
19.80
20.58
16.62
21.36
17.65
18.49
20.74
18.50
16.84
19.46
21.44
20.69
16.96
17.37
18.43
17.11
20.63
18.15
20.13
19.09
17.39
17.20
21.46
17.64
16.79
20.88
17.48
17.02
18.81
19.86
18.31
17.45
16.75
19.78
20.37
19.83
18.01
17.14
16.51
19.19
17.90
19.76
17.38
17.28
18.07
19.40
17.74
17.19
18.66
17.37
17.88
17.54
18.46
18.13
16.61
17.04
17.37
17.43
19.72
18.74
17.56
17.63
19.63
18.55
18.13
18.13
17.93
21.45
21.26
19.03
20.36
21.30
17.03
20.52
17.19
18.80
18.42
17.63
19.76
18.70
17.20
21.43
21.44
19.16
19.37
16.83
20.05
20.89
21.04
18.39
18.76
17.29
20.57
18.64
17.47
19.60
20.72
18.84
17.17
20.74
18.57
20.82
16.70
19.88
17.73
16.85
20.27
21.04
17.81
21.00
20.48
18.53
16.62
18.62
20.29
17.32
19.15
19.17
20.02
16.56
21.30
16.58
19.23
20.61
16.67
16.60
21.03
21.40
19.37
19.43
17.76
18.20
19.89
16.97
16.72
18.92
19.51
18.24
16.66
18.31
18.80
16.80
20.53
20.21
21.50
16.96
19.22
20.22
18.66
20.89
19.13
16.80
18.16
19.73
19.79
16.68
16.66
19.65
21.34
18.68
18.13
19.49
17.50
21.06
19.90
20.26
18.49
21.26
19.99
19.21
19.19
19.59
18.62
20.48
21.36
18.59
17.48
20.72
16.92
21.02
21.18
17.45
20.91
16.60
19.90
19.82
21.24
16.92
18.60
18.33
20.02
19.54
17.77
19.89
16.75
20.41
18.45
20.79
17.19
17.97
17.83
16.79
19.34
18.85
18.85
18.49
20.70
16.64
21.15
17.87
18.51
16.95
20.17
18.27
17.57
21.50
19.23
20.06
17.11
17.96
18.47
21.28
19.09
19.01
21.17
19.22
18.45
19.69
18.90
19.74
18.74
20.30
19.23
19.07
19.22
19.55
21.10
18.22
20.54
17.32
18.51
20.90
19.46
17.58
19.90
18.91
21.03
18.59
17.37
18.46
19.96
21.51
16.65
17.17
16.77
16.95
18.16
19.88
16.98
17.84
19.79
18.22
17.55
17.88
20.72
17.28
16.57
16.70
20.91
16.81
18.09
19.53
18.77
21.15
21.41
19.56
18.17
16.55
20.90
19.58
16.69
17.47
20.88
21.41
16.64
20.17
18.68
19.00
21.27
20.19
17.49
18.00
19.22
17.06
18.12
17.75
21.22
18.56
20.39
17.78
20.28
20.85
16.94
20.88
19.47
21.49
16.69
18.36
18.13
19.43
17.22
18.12
19.75
19.19
20.73
19.49
17.87
16.79
17.77
18.97
19.27
17.58
16.74
20.35
16.60
20.56
19.35
21.40
17.68
19.53
21.19
19.37
19.97
18.68
20.90
21.37
16.55
18.36
17.36
18.24
18.72
20.78
19.76
18.41
20.08
19.88
17.90
20.55
18.95
20.63
19.92
18.35
19.35
20.51
20.82
21.23
18.46
17.00
16.72
18.23
19.19
19.62
16.59
20.79
19.93
21.02
19.61
19.79
20.16
19.45
19.28
19.23
18.10
18.04
16.95
18.29
19.30
19.41
20.99
19.28
20.36
19.71
17.66
19.99
18.66
21.50
17.46
18.17
20.50
17.40
21.47
17.14
17.71
20.89
16.84
17.84
19.60
17.85
16.84
19.75
17.10
17.27
16.74
18.67
17.97
20.93
19.94
17.36
18.24
18.13
17.33
18.25
19.72
18.10
18.76
20.07
19.09
17.07
20.30
18.19
20.12
19.31
17.48
21.07
16.76
18.93
20.12
19.45
18.53
19.63
18.84
21.35
20.70
19.21
16.82
20.11
17.31
16.94
16.89
19.75
17.98
16.87
18.66
18.29
16.93
17.43
18.67
17.58
16.71
21.48
20.94
20.00
19.18
17.74
19.08
18.47
16.52
19.82
17.75
17.03
18.22
19.16
21.41
18.49
18.93
19.72
17.43
20.12
17.35
20.57
19.05
19.90
19.46
20.45
19.89
16.73
20.59
18.65
18.93
20.18
20.76
21.51
17.32
18.48
18.00
17.34
20.70
18.73
18.37
18.85
17.61
21.05
19.43
20.88
17.21
17.40
16.71
17.35
17.87
18.85
20.34
17.72
17.72
18.91
19.53
17.75
20.88
20.47
18.85
17.37
18.17
21.40
16.85
21.27
17.10
18.81
19.03
21.36
18.38
19.40
20.36
21.04
18.07
19.57
20.28
20.14
16.98
20.63
18.12
21.10
18.80
17.31
17.32
19.63
20.88
20.70
20.80
21.11
20.24
19.98
17.54
17.64
21.52
19.74
20.69
20.89
16.64
21.19
21.45
19.26
18.35
19.65
16.64
17.47
20.93
19.66
19.16
18.39
20.94
16.92
20.16
19.33
19.78
19.96
19.04
17.29
18.55
18.61
19.67
16.87
17.37
18.57
19.29
19.14
17.31
16.93
21.43
19.35
17.22
21.12
17.11
19.61
16.97
19.13
20.60
17.86
21.13
17.53
20.32
19.59
18.36
18.56
20.42
21.46
16.69
20.29
19.54
21.09
19.82
21.48
21.51
18.97
18.21
17.34
16.57
20.63
18.75
17.91
17.32
19.85
20.84
20.40
18.33
19.19
20.48
17.49
18.45
19.85
18.74
21.22
19.55
20.02
19.82
19.67
19.71
20.29
18.18
19.80
20.49
18.23
19.36
18.62
19.87
19.79
17.07
20.50
17.49
18.60
21.23
21.44
19.46
20.83
19.09
18.57
19.09
19.06
17.18
20.70
18.24
18.56
17.37
20.41
21.43
21.40
20.87
19.07
21.35
17.15
20.16
16.84
19.66
19.65
18.99
17.07
17.66
18.16
20.08
19.18
19.09
16.71
18.15
21.12
17.25
19.24
19.86
20.65
16.66
19.10
19.86
17.70
17.51
18.23
18.56
18.19
21.19
17.23
19.73
20.76
16.63
18.59
20.02
20.44
19.80
19.00
21.20
20.88
17.60
17.29
20.94
17.98
18.69
17.37
17.68
19.83
17.23
16.85
18.73
21.38
19.82
17.79
18.70
20.58
18.28
20.40
17.73
20.40
21.31
19.48
21.05
20.77
18.65
20.35
17.67
21.12
16.86
19.93
20.07
17.05
20.28
20.16
19.19
18.72
18.51
18.04
21.53
21.22
17.47
20.58
18.48
21.05
18.12
20.62
21.01
17.04
16.55
19.81
19.97
20.39
17.67
19.27
19.21
17.32
20.12
17.99
19.62
17.81
19.47
19.40
17.22
18.78
21.22
20.17
17.26
17.64
21.42
20.47
17.94
18.37
20.16
19.32
19.95
19.32
18.30
17.77
20.18
20.29
20.44
19.99
19.53
19.55
19.96
21.48
17.74
17.71
17.09
19.10
21.30
19.99
19.72
19.19
17.22
21.24
19.46
20.06
19.02
17.75
19.87
18.00
20.49
20.05
21.55
20.55
18.04
18.72
20.07
18.43
20.62
20.10
16.85
18.96
19.95
16.79
19.69
19.52
16.83
17.31
21.37
16.89
18.71
20.14
19.16
21.33
16.64
17.19
18.15
21.03
18.77
20.01
18.49
18.73
20.30
20.56
17.08
20.47
18.40
21.24
17.32
21.11
19.47
16.76
19.59
19.31
19.01
19.83
21.14
19.15
20.38
17.63
20.67
19.83
20.98
17.45
20.13
17.62
16.87
19.72
18.63
20.52
19.84
18.07
19.72
19.00
20.92
18.04
21.23
20.29
20.57
21.31
18.92
21.16
20.74
19.58
16.85
19.29
19.49
17.38
18.73
20.03
18.17
17.70
21.18
20.62
17.07
18.91
16.92
17.83
18.19
19.89
19.61
17.63
18.20
18.61
19.71
21.21
19.87
18.27
21.47
17.60
18.83
18.39
18.86
17.65
18.98
18.10
17.98
21.38
17.90
17.85
16.63
19.89
18.15
19.38
17.19
21.40
19.94
19.80
18.66
20.64
19.50
17.21
17.50
20.99
17.54
20.43
18.95
16.62
18.98
