24.03
22.24
22.74
21.53
22.53
20.91
25.44
23.49
27.08
28.01
19.99
21.83
25.73
25.35
27.09
25.86
25.39
26.76
26.38
27.63
23.05
25.25
28.64
28.83
28.25
25.48
24.87
24.06
20.69
20.16
27.63
24.78
27.56
23.64
22.64
24.71
26.90
27.80
26.04
20.54
28.18
26.87
25.12
20.76
24.92
27.26
25.49
25.66
22.74
24.58
28.21
20.42
27.90
27.62
25.80
21.39
26.94
21.77
23.01
20.97
24.97
24.30
27.63
25.30
24.94
25.06
25.73
25.28
21.46
27.62
27.04
27.42
28.43
22.27
25.77
27.75
26.98
20.34
24.94
27.99
23.93
24.66
21.97
25.46
24.76
26.80
27.31
20.88
22.55
28.69
20.33
20.24
20.18
28.65
28.77
24.20
24.26
26.33
25.38
21.08
21.51
19.94
22.77
24.28
20.94
24.66
21.93
26.65
20.57
23.07
21.51
27.74
27.28
26.47
20.49
22.34
23.18
21.75
21.19
28.02
28.44
21.02
24.22
22.77
24.46
22.46
27.05
23.26
26.47
20.34
26.61
23.58
23.77
27.27
27.46
22.91
21.74
22.77
24.46
21.76
24.55
20.73
25.79
22.62
24.03
24.55
25.72
26.84
22.89
26.65
28.99
26.48
20.83
28.24
21.65
22.81
27.36
26.33
21.82
23.90
19.92
25.17
22.21
24.37
21.37
21.25
24.16
25.85
28.40
23.18
26.28
22.81
24.60
22.21
20.79
24.54
28.92
20.85
21.61
22.74
27.32
20.36
24.99
25.51
25.10
26.64
23.17
23.19
20.32
19.94
20.69
21.93
21.22
22.19
20.90
19.99
23.02
21.01
21.63
20.45
21.40
27.64
23.86
27.79
26.78
25.25
25.32
21.46
20.21
27.74
27.75
19.98
20.54
21.58
27.63
25.95
21.80
21.14
21.40
20.14
22.14
25.31
27.57
28.03
21.36
23.96
20.51
25.40
27.73
28.57
26.19
27.53
25.85
20.23
28.16
25.44
20.27
22.52
22.60
21.93
25.93
28.92
22.66
25.99
28.11
23.82
26.61
22.82
26.71
20.13
19.98
21.11
21.99
26.74
23.85
28.51
21.38
26.40
24.63
23.50
21.26
26.03
27.22
21.34
25.61
27.58
28.29
23.25
22.91
28.28
23.41
23.79
21.83
26.59
26.95
23.57
20.75
22.50
24.72
28.33
27.40
27.63
20.94
24.30
27.75
24.50
23.10
28.87
24.44
22.99
28.23
27.34
28.88
28.45
27.39
23.10
21.48
26.19
24.17
25.18
27.64
27.09
21.94
28.05
21.09
24.85
20.10
20.87
25.17
21.74
20.30
28.13
24.53
21.18
22.83
23.07
27.17
20.26
27.93
22.79
28.33
27.71
23.62
21.95
28.93
27.79
27.26
21.97
22.85
27.23
26.58
25.66
24.38
28.34
26.00
27.37
22.10
20.40
21.44
22.53
24.95
25.24
24.09
20.25
22.53
24.39
22.11
20.65
27.54
26.23
23.72
26.93
20.71
25.55
23.00
26.76
23.89
21.22
28.19
28.76
26.73
20.86
20.04
20.66
28.01
20.33
20.33
27.59
24.96
23.65
26.95
22.66
27.60
21.19
28.82
26.43
27.93
26.64
22.30
25.98
24.75
25.33
25.43
20.23
28.04
21.97
27.11
24.86
25.14
26.48
26.95
22.08
25.49
26.65
24.17
25.13
21.56
22.20
20.53
25.40
26.10
23.96
26.45
28.07
26.65
26.91
21.01
23.71
21.99
27.41
20.12
23.58
26.68
26.73
24.27
21.13
24.32
26.64
27.31
22.32
22.24
19.94
20.64
24.91
28.79
22.56
22.78
27.61
26.73
27.94
22.75
24.62
24.62
27.30
23.26
27.37
23.00
22.25
24.44
20.65
25.08
23.30
21.87
23.40
24.56
23.94
26.87
27.18
23.19
21.19
22.16
22.40
21.48
22.55
23.94
22.04
19.98
20.27
20.63
20.52
24.38
28.94
27.45
21.15
26.50
21.24
26.19
27.90
23.53
22.96
23.39
21.62
27.65
26.66
26.16
27.43
28.93
20.01
22.66
28.37
23.91
28.35
26.67
24.30
22.09
22.23
28.97
27.71
22.57
24.97
21.36
22.45
26.68
21.44
20.09
24.53
25.40
27.19
25.12
28.07
24.83
24.42
22.61
21.17
23.04
28.38
26.45
25.40
20.52
28.76
23.33
23.23
27.96
24.31
25.38
27.90
28.24
23.62
23.32
25.31
20.52
21.03
26.21
23.08
21.82
21.42
26.22
23.87
23.64
27.90
22.60
23.96
21.74
26.74
26.70
28.10
22.47
25.11
23.49
25.85
20.29
24.45
22.93
22.93
24.46
24.75
23.48
22.53
24.10
22.48
21.07
20.38
27.35
21.50
24.31
22.21
21.28
28.33
26.26
23.26
27.86
21.66
21.84
20.79
23.62
27.20
24.12
25.14
27.36
25.77
24.97
24.81
27.66
22.13
20.62
24.58
23.21
24.45
20.41
22.93
25.35
24.39
26.55
28.26
22.55
26.18
27.16
25.77
27.75
24.90
22.94
24.73
24.34
28.72
28.67
23.62
21.14
23.70
21.67
24.15
19.96
23.07
28.06
28.70
22.06
27.89
25.81
25.78
26.67
27.88
20.20
25.40
23.49
25.96
23.77
27.67
22.57
25.38
20.59
28.64
25.60
20.47
20.32
22.85
26.56
27.35
24.42
27.09
22.51
23.47
21.32
28.55
27.85
26.22
27.19
25.21
22.24
21.68
27.35
26.37
24.85
24.84
28.59
28.20
25.30
21.40
28.28
20.98
21.56
23.90
24.81
24.18
24.44
21.18
24.83
20.34
23.99
20.68
26.19
28.88
27.57
22.76
28.05
21.47
25.89
28.82
25.83
21.81
22.53
27.60
27.38
23.32
24.24
22.58
24.88
22.89
24.98
26.82
23.56
20.51
20.73
19.95
21.45
22.31
23.04
25.26
23.68
21.53
22.79
24.07
25.04
28.65
26.44
21.72
27.41
25.42
25.34
29.01
28.26
21.69
26.75
27.45
27.93
24.04
27.72
22.64
22.65
23.26
23.82
21.18
25.08
21.25
22.28
24.50
24.51
23.99
25.02
25.32
24.79
27.03
21.99
21.21
20.76
25.51
24.04
26.35
27.95
25.47
25.35
22.96
28.19
26.66
24.74
24.98
28.17
20.25
22.59
25.27
28.72
26.75
27.36
21.25
25.62
22.41
25.88
20.49
25.02
28.99
25.36
22.76
20.59
28.37
26.56
26.62
24.78
24.76
23.91
24.80
21.78
21.75
22.27
21.62
22.38
21.02
21.95
20.24
21.60
24.98
23.25
25.17
22.97
22.83
26.04
23.91
20.82
26.30
28.05
22.03
22.71
28.06
25.80
28.70
25.51
25.68
21.31
25.71
26.49
20.88
20.81
28.72
24.62
20.14
27.93
22.12
23.15
25.68
26.49
28.95
23.53
28.41
26.90
22.31
22.80
22.96
24.74
26.65
25.90
27.20
23.86
22.84
24.57
22.66
24.19
25.06
27.33
28.95
21.53
22.37
26.84
24.00
20.10
28.05
19.98
23.77
20.82
26.56
20.00
27.48
26.11
27.72
24.83
22.56
21.21
28.25
25.67
28.87
20.91
27.29
25.20
25.61
20.65
24.44
27.60
21.01
22.37
26.26
23.83
20.75
24.24
26.13
22.25
20.03
23.75
25.65
20.90
24.35
21.63
27.85
21.06
26.60
24.96
22.98
25.66
26.33
20.58
21.95
27.48
28.95
25.06
24.22
23.29
22.44
20.66
21.23
28.46
26.14
22.11
22.00
24.06
25.28
25.38
21.59
21.38
23.12
23.03
25.45
20.22
20.05
27.85
23.72
21.24
25.41
26.79
26.20
27.67
20.23
22.39
22.86
21.57
27.86
23.18
25.81
21.58
25.87
20.56
22.18
27.07
20.03
26.34
22.30
28.62
21.37
23.88
21.84
25.29
28.37
23.26
23.30
24.23
22.02
28.83
26.24
25.32
21.65
24.01
26.42
22.08
23.61
28.17
21.49
23.40
20.12
22.73
26.59
21.75
21.11
25.13
25.23
23.84
26.21
27.31
23.62
25.25
25.72
28.43
25.60
28.96
21.58
28.15
20.43
26.17
22.85
28.62
22.45
24.62
26.38
28.99
22.78
20.37
22.20
25.70
23.80
21.30
23.65
23.04
25.97
26.17
21.31
21.43
21.99
24.57
27.98
26.09
27.96
21.52
20.42
24.70
24.31
27.71
22.83
24.43
28.89
28.66
26.54
26.87
22.81
20.99
24.99
27.23
20.89
22.72
24.89
22.38
28.11
22.37
24.66
27.01
23.74
20.32
24.13
20.11
21.52
22.92
28.81
24.16
20.00
24.84
28.15
25.64
28.63
26.03
25.73
21.68
22.65
25.00
24.14
24.71
20.67
25.89
24.20
25.98
20.07
