54.90
61.65
61.51
61.83
56.96
58.80
66.42
62.24
53.54
55.99
64.65
61.74
63.71
63.94
59.60
66.85
58.66
64.68
62.53
60.44
61.43
63.04
57.02
64.16
53.04
61.57
59.60
63.33
64.15
66.36
64.12
53.07
65.55
62.91
62.77
63.55
61.89
55.36
59.85
66.04
53.34
64.33
54.95
60.11
53.00
60.08
55.00
54.45
55.83
60.99
53.62
66.66
57.29
60.71
56.49
66.08
65.86
56.77
56.26
65.97
63.15
59.45
66.70
62.94
57.14
60.19
61.66
55.67
53.49
63.97
65.63
63.31
53.87
65.50
57.88
58.97
67.00
60.02
65.87
60.87
59.92
60.13
54.53
61.02
65.77
59.36
57.92
66.63
53.58
65.27
54.64
62.79
64.87
62.97
64.75
58.26
62.27
55.08
60.19
55.27
64.43
53.10
58.00
54.61
53.69
56.66
61.51
66.18
57.50
61.78
55.77
59.38
64.45
64.96
59.98
65.42
55.54
66.35
59.00
56.43
59.40
66.36
62.06
63.36
61.63
61.51
66.68
64.38
57.53
54.81
66.25
55.04
58.23
55.49
57.12
63.80
64.51
66.42
57.63
53.04
59.77
62.57
64.53
56.70
59.35
53.16
62.87
61.85
55.58
57.56
53.54
56.33
66.54
59.36
61.46
58.97
66.16
56.66
60.66
56.75
58.29
58.59
54.95
57.58
58.78
64.87
62.60
55.94
54.86
59.11
53.02
63.02
56.48
64.86
54.27
56.92
66.56
60.75
57.12
65.88
64.09
62.53
54.46
64.97
60.43
61.87
56.51
55.38
66.55
58.44
60.61
57.48
53.83
56.16
61.54
63.45
53.20
55.78
53.98
60.84
55.05
57.26
64.31
56.40
65.06
59.97
64.29
66.42
55.39
61.04
59.64
64.19
59.50
61.70
62.55
65.16
59.05
53.71
59.93
64.39
63.56
63.45
61.65
61.83
60.71
56.00
56.46
65.86
53.71
58.16
56.69
60.79
61.69
62.57
53.73
61.20
54.29
58.58
61.34
61.96
59.37
56.47
53.77
65.36
57.62
64.29
63.80
61.77
63.44
59.63
59.79
57.14
63.35
66.74
53.80
66.40
54.93
57.49
66.31
60.00
62.80
66.63
55.70
63.73
57.06
66.87
62.33
62.71
64.48
66.84
56.29
63.45
65.62
59.73
58.44
63.13
57.27
62.43
58.58
58.15
55.46
56.51
57.78
54.60
56.60
63.24
59.87
60.51
60.57
60.74
54.72
57.11
53.64
53.01
56.34
61.34
54.16
59.26
60.90
62.55
55.56
60.49
57.82
66.19
64.99
63.39
66.88
64.23
56.46
53.08
60.59
62.53
66.57
56.66
54.77
62.11
63.63
57.28
55.12
54.24
56.14
63.24
55.73
54.60
53.08
60.38
53.42
63.66
59.15
53.72
64.64
60.76
59.51
60.02
59.70
57.68
59.06
64.00
60.29
64.22
54.64
58.89
60.41
63.59
57.27
57.67
59.95
59.01
53.34
63.44
57.32
65.44
62.58
60.50
64.11
59.65
62.94
53.88
66.00
60.67
57.27
57.90
59.71
58.04
56.46
64.95
56.31
56.84
58.40
58.98
59.19
54.23
53.65
64.97
54.19
65.40
57.58
58.36
57.45
64.33
54.76
62.13
55.68
59.56
65.34
65.37
55.90
64.25
53.81
63.67
63.21
54.50
60.79
55.26
58.55
55.68
54.55
56.09
57.55
66.79
58.06
62.08
65.88
62.76
65.86
65.79
55.56
59.70
63.11
57.77
55.83
62.82
58.26
61.62
58.86
55.00
54.00
53.68
57.11
60.00
62.95
60.43
54.03
66.00
53.93
66.74
57.91
58.27
56.86
59.71
60.61
60.63
55.26
61.09
57.69
66.98
53.39
65.19
66.87
54.15
53.96
54.44
61.27
56.96
64.86
61.54
60.25
59.17
65.46
58.35
59.54
57.13
62.21
53.42
53.16
59.64
54.31
56.42
54.35
66.38
61.66
54.29
57.65
52.98
63.54
62.79
62.95
64.92
54.39
59.01
56.35
63.05
59.72
56.76
61.50
59.28
53.93
58.68
59.46
56.98
65.79
60.72
55.29
60.54
64.58
58.15
61.02
64.89
56.92
61.22
65.16
57.98
57.10
55.16
61.17
62.47
55.49
66.05
64.27
63.36
54.65
66.57
59.06
64.97
65.69
59.12
56.15
62.10
56.07
65.16
56.00
64.82
57.78
63.73
62.35
65.76
66.46
63.68
61.24
59.14
59.08
53.96
65.92
61.03
57.60
53.40
55.80
55.21
55.27
63.41
66.34
55.65
56.76
56.79
61.44
55.43
59.52
58.18
65.02
53.64
61.49
58.84
55.58
61.39
60.22
62.56
56.20
59.51
58.78
64.53
60.00
59.62
62.18
65.36
53.61
66.44
59.10
64.63
63.42
63.72
53.61
56.76
66.57
61.88
58.30
56.03
53.07
63.99
60.34
63.82
58.86
59.19
53.99
59.18
61.44
53.00
65.28
66.60
62.27
53.48
58.46
54.39
57.46
66.42
64.25
63.17
61.22
63.32
62.53
57.51
54.00
55.78
61.37
61.36
53.28
58.43
66.10
57.66
55.88
60.38
57.65
62.56
62.79
66.38
63.08
63.48
63.31
60.84
54.78
61.20
63.25
56.11
52.99
59.38
66.56
59.99
52.90
55.20
61.70
64.67
59.79
59.55
55.71
54.61
64.79
59.09
62.18
56.38
62.84
56.25
53.18
62.93
62.10
64.72
57.76
65.36
59.95
54.83
55.51
65.62
60.60
63.34
53.19
59.04
62.90
60.90
57.26
53.03
54.68
54.45
59.64
63.21
53.76
57.58
63.24
53.36
65.40
64.70
58.11
55.03
55.67
53.83
54.66
60.91
60.27
54.52
62.47
62.45
57.44
63.48
66.91
59.25
56.72
66.44
65.10
66.22
65.62
65.16
54.12
56.67
59.85
61.32
55.14
66.81
65.75
53.47
56.83
66.02
65.98
57.03
59.63
59.11
55.75
55.38
60.04
64.71
64.48
61.05
53.47
56.39
53.10
59.58
60.21
61.96
64.92
56.67
55.40
64.24
61.05
63.07
55.25
65.74
65.33
58.91
63.21
60.41
60.73
66.05
59.67
62.08
56.58
61.63
60.59
61.31
58.53
56.36
60.55
61.42
56.25
60.32
66.65
63.24
64.66
57.34
58.81
64.66
63.19
53.13
54.65
56.23
65.40
60.74
56.49
66.28
60.01
65.32
57.43
57.69
55.02
64.60
62.76
55.70
58.50
55.78
56.24
55.63
60.70
62.04
60.27
53.92
56.68
55.76
61.19
66.93
53.04
64.96
54.29
60.07
54.45
66.70
53.56
64.88
64.26
64.40
60.74
58.19
60.04
55.04
65.38
58.11
53.77
66.08
59.69
58.53
60.00
53.56
58.88
64.35
58.99
57.62
64.21
55.77
61.69
55.72
65.89
60.53
54.21
67.03
56.13
55.29
61.12
56.16
56.03
54.90
62.62
65.54
60.12
66.52
59.88
56.79
55.92
60.81
61.79
63.47
54.35
65.97
62.38
53.75
60.75
61.56
53.51
62.71
55.42
66.64
59.18
61.93
54.13
60.38
54.18
54.95
58.30
64.42
59.88
66.19
57.68
62.02
65.37
57.08
62.86
56.45
64.37
64.54
56.00
57.76
56.14
54.64
55.69
58.26
65.24
56.15
63.10
61.39
63.84
55.97
61.39
64.55
59.81
57.88
65.44
58.82
53.34
63.86
59.80
62.13
63.73
53.56
63.95
58.95
56.75
55.79
56.47
54.69
66.42
59.81
54.65
63.68
65.95
65.24
60.91
58.68
64.57
54.63
55.87
57.60
54.10
60.54
53.22
56.27
54.55
66.70
59.82
66.92
58.25
53.82
62.99
64.55
63.51
60.01
58.30
59.48
63.11
54.37
58.33
62.23
56.92
60.53
61.63
56.36
62.45
62.17
58.29
60.20
63.95
53.68
60.71
61.91
64.70
65.52
57.39
66.02
55.55
64.18
53.48
64.37
58.11
60.96
61.21
55.00
63.13
53.66
64.46
63.47
54.08
54.06
55.95
53.42
54.61
56.87
64.39
61.46
56.47
66.19
57.90
53.54
63.28
64.50
54.85
64.64
63.24
63.30
62.15
56.50
62.25
57.91
63.66
58.10
65.78
55.65
57.60
59.90
55.51
53.30
61.28
55.54
52.94
62.21
65.29
59.13
61.80
63.44
61.91
57.48
53.99
62.32
62.52
61.69
54.77
64.84
53.24
64.53
62.10
54.05
64.85
55.35
60.82
65.89
56.43
63.64
53.28
57.98
54.81
54.84
58.05
58.72
55.52
62.22
61.10
53.59
62.41
62.85
54.16
56.89
57.56
57.83
56.48
57.67
58.14
61.98
53.48
61.73
56.75
61.84
59.42
64.45
63.43
56.26
56.72
65.16
61.94
56.78
58.06
54.86
