35.06
36.99
37.69
39.72
40.22
36.53
32.11
34.74
39.57
34.76
37.80
35.17
33.61
38.22
33.67
35.77
39.07
39.98
34.80
35.29
33.64
33.08
35.01
39.67
40.15
37.75
34.91
34.53
35.72
39.33
35.11
34.34
34.36
38.06
37.67
32.20
39.32
34.07
36.42
32.58
36.51
34.58
39.90
39.65
33.33
38.55
34.33
37.93
38.99
35.65
40.85
39.20
38.32
35.63
40.05
37.15
40.84
35.30
36.93
39.33
39.11
39.54
37.69
36.07
35.24
34.31
39.18
38.31
35.45
32.69
32.68
36.66
32.57
38.24
39.92
35.84
32.15
35.93
34.85
32.95
38.13
40.21
39.62
35.72
32.11
35.94
33.32
40.64
38.30
34.98
35.72
36.04
33.78
34.40
40.06
40.57
40.44
39.48
36.33
38.86
35.91
36.53
38.93
32.09
36.03
33.63
36.20
37.02
36.66
37.28
34.67
33.87
38.86
32.79
32.54
32.30
35.74
39.63
38.60
38.02
34.85
35.13
40.62
34.41
34.97
35.91
36.51
32.37
40.34
37.76
37.88
37.92
35.92
38.27
38.38
39.18
38.49
39.53
39.40
38.79
33.55
36.76
38.61
35.07
34.37
33.95
38.59
40.51
40.62
40.21
35.04
36.71
37.42
35.42
35.57
37.15
38.05
39.42
33.44
37.14
34.45
35.05
39.29
38.51
37.08
38.42
40.32
36.40
38.91
33.32
33.66
39.17
35.91
39.33
35.72
32.04
32.63
40.48
38.34
37.42
40.83
39.14
37.94
37.69
40.88
39.58
38.60
32.15
34.85
40.59
37.54
36.55
34.25
34.35
34.04
36.62
32.23
34.37
38.09
39.55
36.45
32.32
34.65
37.29
40.61
34.94
38.65
34.07
34.39
36.63
40.37
32.63
32.34
35.27
39.91
39.53
32.41
33.57
32.71
32.43
35.84
32.72
34.96
35.39
32.35
32.62
32.95
34.82
34.99
39.67
39.50
34.63
34.31
35.60
40.28
32.07
33.76
33.40
39.76
36.21
33.90
35.75
35.83
35.54
37.18
36.10
37.97
40.33
35.15
34.90
32.37
38.06
33.23
32.32
39.48
35.01
37.84
38.65
40.86
35.91
39.72
33.15
37.26
37.25
40.42
35.03
36.89
40.49
39.63
38.98
37.00
39.79
36.08
39.62
34.57
37.97
37.30
38.27
32.37
35.73
39.65
33.77
34.54
36.70
38.16
36.29
37.71
36.00
32.73
40.28
37.60
32.44
33.85
39.15
39.66
31.99
40.48
40.30
38.01
35.11
34.18
39.25
37.11
37.64
37.92
40.33
37.14
34.40
40.63
37.04
35.18
33.46
36.97
40.83
37.20
34.92
37.79
36.44
38.79
34.38
40.25
32.75
32.79
39.57
38.45
37.99
38.99
35.99
36.92
39.29
35.49
38.69
40.14
37.11
38.17
32.47
40.55
36.31
32.97
32.90
34.81
40.66
35.07
38.30
40.71
35.06
37.13
36.40
38.81
33.77
35.55
39.43
34.25
35.26
37.73
39.02
37.93
38.00
38.90
33.34
32.75
38.33
33.58
36.48
34.66
40.02
37.90
35.38
37.61
40.16
37.85
38.65
35.06
38.05
34.86
40.49
33.59
36.02
38.16
32.74
36.66
37.96
37.11
36.77
38.14
40.11
34.62
35.15
33.59
34.95
38.73
40.18
39.40
35.62
36.93
37.57
39.08
40.56
35.72
35.74
40.55
34.71
35.44
35.72
37.58
37.77
33.02
39.46
39.96
35.00
33.94
40.44
37.61
37.26
34.15
36.90
35.82
38.49
38.92
33.35
39.32
35.05
36.91
35.15
39.95
39.91
33.70
37.16
38.17
32.06
40.85
37.14
36.63
35.11
33.76
37.57
35.20
35.66
39.98
36.96
39.28
35.76
38.30
35.68
32.51
40.51
40.09
37.99
33.95
36.50
36.08
38.10
34.73
37.99
40.41
40.53
36.99
35.21
39.40
36.29
36.26
32.51
37.69
39.80
39.01
32.97
40.49
32.75
34.34
36.81
35.87
40.78
36.02
35.99
33.64
34.34
34.72
36.81
32.75
36.53
34.41
36.38
36.86
36.25
38.64
38.14
32.39
38.29
38.30
33.42
37.11
36.09
38.97
37.12
39.71
37.95
40.51
38.71
37.78
33.42
36.56
33.31
37.99
35.53
35.26
34.52
39.13
33.18
33.60
39.05
36.53
39.33
33.79
39.68
36.71
37.11
37.46
35.75
39.14
39.96
37.62
32.49
33.90
33.27
32.04
36.59
38.34
40.39
38.46
37.89
37.69
32.75
34.63
39.79
37.79
32.49
35.60
34.71
35.61
36.33
36.33
35.39
36.41
37.24
35.59
35.33
35.88
37.99
32.31
39.07
39.86
37.94
40.60
40.77
33.65
39.03
37.19
32.74
37.51
33.38
34.74
34.73
39.66
38.91
39.34
38.15
39.60
34.64
32.18
39.29
33.63
38.38
36.24
32.17
37.50
32.99
37.88
39.72
34.00
35.23
36.30
39.22
34.97
38.97
38.78
39.96
40.40
36.06
32.61
35.00
33.44
38.70
33.76
36.46
34.38
40.64
32.11
35.37
36.47
36.37
38.85
35.02
39.10
34.64
40.56
33.89
39.14
33.24
40.29
36.84
40.46
33.82
38.56
36.17
36.42
33.50
40.78
33.40
32.46
36.20
39.73
34.04
37.92
32.48
40.59
37.39
38.69
38.33
36.15
32.83
37.30
34.42
40.14
32.25
35.01
32.32
32.36
36.37
35.80
33.89
34.30
32.52
39.33
38.81
32.08
35.09
33.71
39.39
37.07
39.74
34.68
33.36
39.71
33.51
37.70
38.39
37.71
35.65
35.72
39.56
36.17
38.61
35.06
38.40
39.45
36.13
34.34
37.40
33.88
34.21
33.86
38.84
34.63
35.12
39.42
40.02
37.15
40.57
39.28
38.34
33.98
39.61
40.05
33.96
32.37
36.37
40.63
36.09
33.08
35.96
33.78
40.37
34.27
34.56
32.53
32.54
36.65
33.65
34.58
34.86
40.44
37.63
40.38
32.74
38.33
34.74
32.52
33.24
37.42
40.34
38.98
36.30
33.49
37.94
35.04
35.31
34.60
37.06
38.83
34.87
32.86
38.64
33.24
39.59
32.51
39.84
37.91
34.34
35.28
33.46
37.67
34.20
34.36
35.34
35.63
37.74
33.13
33.55
39.26
33.54
38.14
33.43
33.29
34.84
33.83
40.73
39.34
35.63
35.68
32.67
37.73
33.23
36.79
40.36
32.22
32.36
40.01
33.95
38.33
37.64
33.78
39.36
32.99
33.40
40.32
38.64
37.48
38.83
34.62
37.68
34.29
36.74
40.30
39.48
35.49
32.23
38.68
39.92
33.14
32.39
34.60
35.04
32.68
35.35
40.95
40.25
38.17
39.60
36.66
33.33
40.29
40.26
38.78
39.93
33.35
36.91
33.54
39.44
40.63
39.18
33.17
35.13
34.49
39.22
38.93
40.14
35.41
34.95
33.58
36.52
38.18
39.00
32.70
38.12
39.45
34.32
35.16
36.99
35.49
35.74
38.10
40.90
37.21
35.69
37.21
32.27
34.24
36.11
35.86
38.42
39.34
37.53
34.91
35.27
35.45
39.06
32.57
38.98
39.91
35.88
35.65
36.57
40.54
40.66
32.12
37.43
34.95
36.03
39.74
34.03
39.86
35.44
37.55
34.99
38.51
38.79
40.49
40.51
35.49
38.91
32.56
37.21
40.83
33.31
34.72
36.16
33.04
36.25
33.41
37.42
40.42
32.69
40.41
37.55
40.07
35.98
35.08
33.44
39.10
39.46
33.11
39.03
39.86
38.38
37.61
37.72
38.14
38.71
35.80
40.02
37.16
35.06
32.69
39.60
34.48
33.56
37.33
39.57
32.86
34.82
38.62
37.66
38.90
37.16
40.28
35.32
39.25
38.78
37.95
34.35
32.92
39.30
34.62
37.53
37.15
36.40
38.23
37.59
32.66
32.84
37.75
37.69
38.66
34.15
35.47
38.39
37.29
34.29
39.28
35.99
33.22
33.81
37.62
36.75
34.20
35.14
38.61
39.13
34.95
40.35
40.53
33.14
40.06
36.93
33.23
39.45
34.20
34.99
38.39
39.43
39.83
39.20
37.03
36.23
34.73
37.66
37.12
40.16
36.76
35.92
33.74
36.88
35.62
32.66
34.00
33.40
38.85
32.18
32.81
32.25
32.28
35.07
40.04
35.06
36.81
37.05
40.55
33.30
37.78
32.95
40.67
34.53
39.60
35.15
38.90
36.17
40.01
34.16
34.47
36.51
38.18
35.82
32.51
39.37
37.50
35.69
34.90
39.84
37.06
35.99
35.33
33.61
37.24
35.07
38.57
40.34
36.98
40.25
34.12
38.53
40.39
32.71
33.41
40.55
37.65
38.08
38.29
34.74
34.21
37.01
39.88
36.36
40.41
33.10
40.71
34.09
40.08
40.50
34.46
32.80
34.63
37.64
40.53
40.46
37.95
40.01
34.85
40.15
40.60
37.79
34.45
32.95
35.42
34.93
32.37
34.93
35.08
39.81
36.16
37.88
36.66
38.36
32.05
36.49
35.36
34.91
39.57
33.35
38.95
38.65
39.84
39.25
32.80
32.70
34.97
32.26
38.02
37.99
32.51
37.35
32.58
32.38
39.44
32.93
32.65
40.25
32.06
32.93
39.22
35.37
32.56
36.82
35.74
33.11
40.19
35.42
32.40
33.90
38.44
36.33
34.00
35.72
40.91
32.30
32.51
40.88
39.48
33.34
32.89
38.41
35.05
32.81
38.50
37.01
40.64
34.98
33.04
34.35
33.31
34.31
37.78
33.85
40.00
37.15
35.87
36.38
36.72
34.75
36.29
35.92
36.09
32.16
40.10
32.17
32.71
32.91
38.86
34.58
34.70
40.83
33.38
39.14
40.58
38.45
36.23
39.70
34.67
32.48
32.50
35.13
39.11
36.12
35.49
40.57
33.03
38.99
40.12
36.52
34.62
35.48
40.49
32.39
39.72
40.29
38.58
38.67
36.84
38.34
37.85
40.81
32.84
35.63
33.98
38.68
32.97
39.32
38.22
32.04
36.14
34.18
32.99
36.42
35.82
39.73
39.44
39.59
34.39
33.47
32.99
38.47
37.66
37.91
38.44
40.58
39.08
34.25
35.75
38.03
37.19
40.43
39.43
36.87
32.69
36.05
37.18
33.04
37.02
36.68
38.59
38.60
40.84
40.01
38.06
40.83
37.38
35.66
39.45
