9.15
7.68
11.91
10.53
11.86
11.22
9.69
6.90
8.75
10.14
10.34
10.49
7.93
11.00
10.24
7.24
7.87
11.29
8.45
11.59
10.48
8.79
11.01
7.48
7.80
9.64
11.64
11.51
11.79
9.83
10.93
11.79
6.93
10.90
7.88
8.90
7.44
11.73
11.17
8.06
9.88
8.62
11.59
9.71
8.24
11.65
9.34
8.44
8.92
11.10
11.78
8.00
9.32
7.39
11.14
9.89
10.21
8.91
8.45
7.49
6.97
10.95
7.24
11.40
7.29
8.21
9.48
8.15
6.77
10.18
11.85
10.57
10.50
8.39
8.82
7.17
11.03
10.60
11.21
8.77
6.88
11.56
8.56
11.06
8.10
11.13
7.61
7.05
8.12
7.22
9.94
9.89
11.05
9.68
11.97
11.90
9.07
11.67
7.03
8.17
7.96
9.20
9.79
8.19
9.24
7.04
6.81
10.64
7.34
9.06
7.40
11.72
10.21
8.30
7.35
10.62
10.13
11.93
11.23
7.08
9.93
7.87
8.36
9.54
11.62
11.21
8.78
11.20
10.47
7.94
7.32
11.75
8.05
11.93
9.30
9.59
8.53
10.86
11.73
7.23
8.78
8.98
9.81
8.43
7.06
8.10
7.59
11.35
11.72
8.65
8.30
9.48
10.14
11.84
11.17
10.60
9.47
10.49
10.63
9.04
8.48
10.46
11.50
7.94
11.12
7.66
10.00
10.11
7.08
6.76
9.25
6.96
9.61
7.86
8.11
7.81
9.62
10.90
8.85
8.67
11.60
9.12
7.51
10.99
10.84
11.24
10.57
11.36
7.94
9.59
7.99
7.67
7.48
8.27
10.65
7.11
11.64
11.42
8.91
9.20
11.64
9.99
9.79
8.05
8.35
7.88
8.91
10.21
9.71
7.35
9.58
8.80
7.52
6.82
11.02
8.00
7.16
8.51
7.35
6.73
8.35
11.54
11.67
11.54
7.01
9.98
7.22
11.67
7.44
7.31
11.54
11.12
10.88
11.62
10.13
10.11
7.49
11.18
9.43
9.79
11.71
9.85
10.45
8.03
9.92
11.24
7.03
7.94
7.88
7.59
11.44
8.37
8.12
8.39
8.85
10.46
9.82
6.78
10.78
7.80
8.15
10.79
9.84
8.10
11.06
8.52
6.95
8.08
10.49
7.49
8.72
9.40
10.31
9.21
7.24
6.81
11.50
10.57
7.48
8.65
11.27
6.87
7.69
11.13
9.45
10.41
10.12
9.11
9.65
11.75
11.56
10.62
10.11
9.90
10.62
10.60
6.81
10.91
7.80
11.02
10.97
9.29
6.91
7.43
9.35
8.23
9.37
8.55
9.61
9.15
10.35
9.16
9.77
7.71
10.33
8.34
9.97
9.10
8.93
9.46
11.48
10.78
7.73
10.02
8.54
10.40
7.68
9.15
7.34
6.77
7.40
11.16
8.22
11.27
7.11
6.92
10.73
7.74
7.35
8.46
7.24
7.39
8.90
7.29
8.51
11.79
10.49
8.15
9.65
10.33
10.72
8.90
8.99
10.65
9.61
9.72
6.75
11.31
10.38
7.18
7.21
9.70
10.78
10.01
9.12
8.94
6.93
10.95
11.57
11.62
7.82
8.14
9.67
9.13
10.25
8.50
11.31
8.55
10.70
9.89
6.81
7.92
10.45
10.35
11.24
9.76
10.16
9.54
9.31
11.42
9.39
8.77
11.66
9.60
6.76
8.38
7.69
9.04
9.42
11.27
8.58
11.91
11.08
11.87
7.10
10.93
11.26
8.26
11.77
11.44
9.30
11.47
11.41
7.03
7.52
9.06
8.40
7.59
10.65
8.70
9.18
11.40
10.47
10.22
9.98
7.03
7.49
10.17
6.78
11.34
8.31
10.59
10.99
11.90
6.81
6.98
8.40
11.56
7.80
8.81
8.85
8.63
8.68
8.75
9.86
7.31
9.40
7.38
7.35
10.44
10.41
9.62
10.92
11.42
10.20
8.00
8.09
10.95
10.63
9.80
10.89
8.36
6.98
6.97
8.31
9.63
11.24
11.04
10.20
9.79
9.14
8.12
11.81
9.86
7.06
6.85
8.96
9.63
8.98
9.14
7.71
7.35
7.88
9.02
10.06
10.91
11.68
10.63
11.45
9.17
9.78
10.07
11.26
8.62
7.87
10.46
9.22
8.77
9.79
10.87
11.08
9.72
10.40
8.98
7.10
9.47
10.28
7.48
10.80
6.93
9.93
7.82
11.11
8.35
10.26
11.51
9.34
9.41
10.61
10.93
8.49
7.11
9.17
11.69
11.54
7.50
11.29
7.01
11.67
10.21
7.24
7.05
10.96
9.52
8.24
7.40
8.59
10.76
8.59
11.76
7.99
11.62
8.08
11.63
11.10
8.65
9.56
10.31
7.22
9.99
7.85
7.08
10.83
10.44
11.14
10.77
11.90
10.54
11.68
10.51
8.12
7.90
10.36
7.95
10.14
6.85
10.99
10.17
11.33
8.02
11.08
7.65
10.24
7.13
11.71
9.88
10.69
11.89
9.13
7.24
8.11
9.36
11.44
9.27
9.06
7.84
9.12
8.74
7.57
10.95
10.53
7.02
8.65
8.35
9.99
8.70
10.20
8.72
9.28
6.77
10.05
6.78
6.86
9.39
9.33
8.14
8.80
10.37
6.94
8.81
8.10
6.96
11.29
8.27
8.78
7.23
8.29
7.29
10.78
9.78
7.30
7.50
7.07
9.14
9.87
8.05
6.96
7.48
9.76
8.21
7.07
11.62
7.55
7.74
10.29
7.78
10.10
8.24
10.32
7.09
10.40
8.70
10.28
11.11
8.87
11.40
10.22
7.28
9.12
6.98
9.48
7.23
7.91
8.77
11.84
8.47
8.29
7.09
10.11
9.47
9.19
11.31
11.21
9.65
8.74
10.98
7.94
10.02
9.28
7.73
11.50
10.95
10.81
6.78
11.48
7.98
8.59
7.62
9.72
11.55
11.74
10.63
7.02
6.87
9.47
9.01
8.59
11.77
8.29
7.54
10.34
7.95
10.48
8.26
9.03
11.00
7.87
8.83
10.10
11.80
8.79
7.34
10.31
10.37
11.66
10.53
10.58
9.47
11.63
11.59
11.55
11.59
11.72
10.40
9.33
8.91
8.41
6.78
7.15
10.28
9.57
11.62
10.64
9.56
7.98
9.51
8.17
7.88
10.36
9.69
7.83
8.15
10.36
10.67
10.61
7.21
10.47
11.72
7.21
8.36
11.27
7.85
9.41
8.50
6.77
8.17
9.18
7.46
11.61
11.58
11.68
8.61
9.72
10.16
7.57
9.94
7.25
6.76
10.43
10.62
8.44
10.98
9.29
10.90
9.21
11.67
7.77
11.35
7.32
7.50
9.00
10.00
7.60
10.41
6.93
8.40
7.11
6.74
8.96
7.48
8.15
11.35
7.87
10.79
8.73
11.93
10.59
10.88
7.09
11.90
11.83
10.97
10.91
9.01
8.86
11.78
11.12
7.20
9.94
6.76
8.36
10.00
11.82
10.51
11.18
8.09
8.04
9.91
8.46
7.14
7.56
6.78
10.62
7.70
9.81
11.70
8.57
8.34
6.90
8.47
10.38
10.85
8.82
7.58
7.98
11.37
9.22
9.92
7.50
11.87
8.61
8.89
11.03
10.86
10.16
10.81
8.15
9.35
8.80
11.55
8.48
7.14
9.93
7.82
9.95
11.58
11.07
7.90
7.74
8.37
9.87
6.89
8.18
11.54
11.92
8.03
11.67
10.73
9.03
10.68
11.30
8.73
7.09
9.26
8.52
10.82
10.12
10.79
8.68
7.82
8.75
8.54
10.64
10.29
10.04
9.28
11.70
9.09
10.83
8.99
9.70
10.02
7.17
11.45
11.11
8.86
10.58
8.44
9.77
9.57
7.47
9.04
11.80
7.50
7.93
8.01
9.16
7.13
10.06
9.81
6.80
7.38
7.65
11.05
10.93
8.10
11.65
11.16
7.59
11.58
11.52
10.41
9.70
7.15
10.23
7.68
8.62
11.65
11.21
11.53
7.00
7.02
8.69
10.61
8.44
8.16
7.57
7.38
7.22
8.89
10.73
9.60
7.55
7.52
7.12
10.09
8.37
11.09
11.29
8.57
6.97
11.75
11.88
8.85
7.49
8.22
11.79
10.71
10.97
7.75
11.74
7.68
7.45
8.26
8.70
6.90
10.16
9.04
8.51
8.21
7.21
7.35
7.33
9.11
9.88
9.60
7.99
7.10
11.56
11.21
7.93
9.55
7.94
9.88
8.18
8.68
9.82
10.45
7.91
10.55
6.78
8.72
9.94
11.17
10.39
9.89
10.86
9.46
11.85
7.23
10.07
9.03
11.69
7.21
9.97
7.88
8.07
8.27
10.20
9.43
10.91
11.69
11.49
8.32
9.80
7.74
9.88
8.30
9.90
7.40
11.57
11.10
9.11
8.84
7.97
11.01
8.37
8.28
7.68
11.09
8.88
10.54
7.43
10.00
7.75
10.16
9.35
11.31
10.62
10.22
11.79
11.25
8.41
8.66
7.70
9.28
8.95
10.10
9.76
9.76
8.91
11.70
11.44
8.99
9.59
11.65
10.92
8.25
6.98
7.88
8.04
7.06
7.70
7.11
9.17
7.65
7.28
6.81
7.42
10.30
9.85
8.38
7.10
11.91
9.03
8.36
7.00
8.22
9.25
9.99
9.80
11.25
10.29
9.55
7.53
10.91
9.92
10.24
10.39
9.36
8.03
7.65
8.72
10.80
11.53
11.73
9.14
9.23
10.10
10.05
7.89
8.15
10.65
6.99
10.11
8.10
11.19
7.18
9.11
9.04
9.01
8.89
8.77
10.85
7.94
9.61
6.87
7.36
9.52
9.31
9.83
7.88
7.24
9.70
11.57
9.79
8.61
8.05
11.70
11.85
11.47
9.08
10.77
8.20
11.25
6.99
8.33
11.22
11.03
11.18
9.99
9.38
10.07
11.19
9.87
8.07
10.36
8.70
7.55
6.96
11.39
7.56
9.41
8.66
7.39
11.51
8.48
10.92
9.80
7.10
8.30
8.94
8.14
9.12
9.07
10.28
7.64
8.82
11.43
10.36
11.44
9.91
11.16
9.01
8.07
9.08
6.86
9.56
10.53
8.29
7.15
8.93
10.32
9.81
8.58
10.42
9.68
11.69
10.48
10.94
8.04
9.76
8.28
7.90
10.85
6.96
10.39
8.34
11.72
9.85
7.43
8.84
8.93
7.79
11.49
10.37
8.84
8.10
8.24
9.42
8.08
9.61
10.61
11.91
9.98
10.39
10.19
