10.74
15.99
10.14
11.40
11.86
12.53
15.52
12.51
15.32
15.62
15.85
10.44
15.89
11.24
12.69
13.09
15.74
12.73
11.85
10.24
12.57
11.21
11.68
13.92
14.97
11.50
10.32
12.81
15.24
10.80
15.86
14.93
15.70
12.23
10.70
11.73
12.58
13.06
11.34
13.29
14.22
11.41
11.86
13.33
10.62
13.25
15.64
10.97
12.75
13.66
11.35
10.87
10.81
14.47
15.30
10.50
10.78
11.15
13.61
11.09
14.18
10.09
11.63
11.44
12.43
15.83
13.32
15.89
15.49
14.08
11.23
14.60
10.98
14.41
15.09
12.07
13.90
12.41
13.08
13.34
11.66
14.81
10.82
10.62
10.12
15.86
11.69
10.44
11.02
11.26
15.11
11.25
10.11
11.95
15.74
12.94
15.10
15.96
12.83
14.45
11.49
11.75
12.76
14.68
13.44
14.77
14.25
12.12
13.68
15.78
10.88
10.26
11.46
14.05
15.81
13.24
13.96
14.45
13.27
14.73
11.50
10.62
11.50
13.58
15.81
12.05
15.80
11.01
13.23
12.40
11.56
13.21
15.03
10.34
14.75
10.83
15.26
10.70
11.14
12.01
13.94
12.20
13.18
10.10
16.02
10.63
15.81
11.49
14.42
10.89
16.03
12.87
13.17
13.66
11.42
14.92
15.86
12.70
15.14
12.01
10.90
15.60
10.17
11.14
12.95
14.52
13.79
11.17
14.77
14.79
15.33
13.03
10.08
11.80
14.96
10.72
15.41
10.23
13.03
12.98
12.14
16.06
10.57
11.90
15.23
11.69
11.42
12.18
14.32
14.60
11.96
10.88
16.09
13.56
10.85
10.79
13.33
15.79
11.55
16.01
13.11
10.75
11.08
13.65
13.83
11.29
10.47
12.08
11.57
14.07
11.32
15.74
13.66
15.96
11.59
10.08
13.23
10.57
15.12
14.49
14.15
14.27
10.33
15.06
13.51
12.84
14.51
13.23
14.11
12.31
13.84
10.12
16.08
10.63
11.67
11.57
13.07
12.70
10.33
10.09
11.04
14.33
10.13
11.76
12.61
11.21
12.28
12.71
16.05
10.64
10.60
11.07
15.88
12.39
13.70
13.62
12.11
11.83
15.11
10.76
11.32
12.24
15.44
14.35
10.30
12.37
12.31
12.48
15.66
11.56
11.49
13.11
13.65
13.17
13.89
13.21
11.64
13.47
10.97
11.91
15.21
12.75
15.53
15.79
15.67
15.01
15.90
10.48
10.14
15.84
14.56
15.36
14.92
15.43
12.26
13.77
15.40
15.86
12.36
11.14
13.98
12.17
12.67
12.30
11.71
15.26
10.26
11.36
14.57
10.07
10.96
12.13
15.01
14.46
13.24
13.61
11.67
13.70
12.76
10.29
14.58
14.47
14.63
10.17
14.00
12.85
11.27
13.59
13.98
12.20
15.31
15.34
13.95
13.67
11.82
15.29
10.82
10.34
10.18
10.45
11.69
15.79
15.54
11.41
11.70
14.15
10.68
10.94
11.47
13.30
13.20
15.25
13.90
13.03
10.79
13.57
14.26
14.08
12.89
13.79
10.19
14.09
12.01
13.08
14.98
15.83
10.10
15.71
12.64
11.38
13.22
15.21
12.21
14.36
15.53
14.96
12.53
13.70
12.13
10.69
13.73
10.15
13.84
10.94
14.22
14.02
14.38
15.36
13.05
13.30
12.45
15.88
15.64
13.46
13.64
15.74
13.80
10.28
13.51
12.95
12.58
12.59
12.45
11.44
10.73
15.92
14.78
16.05
10.59
15.53
15.38
15.84
14.16
13.37
13.93
15.03
15.46
13.78
11.62
12.48
13.63
12.40
13.41
15.34
12.60
15.11
13.91
11.09
15.68
12.82
11.42
15.41
12.16
12.95
11.85
12.92
14.62
11.32
13.00
11.84
15.45
13.74
12.93
11.55
13.22
13.73
12.28
14.40
11.59
15.07
10.75
10.88
12.43
15.36
10.52
10.23
10.33
13.68
15.65
14.68
15.24
13.63
14.76
14.30
15.30
15.34
11.17
13.47
15.59
15.01
11.23
15.46
13.92
12.00
11.99
14.08
11.52
13.34
11.00
14.61
13.14
14.94
10.89
11.22
10.93
10.67
12.32
11.41
11.18
10.21
12.05
15.18
14.25
14.85
11.77
13.47
10.19
13.24
11.44
13.12
14.88
15.63
12.53
10.61
15.84
16.01
15.64
10.95
11.41
13.85
15.57
12.94
10.31
11.37
14.70
11.88
11.92
13.77
14.27
15.36
15.49
14.10
10.50
15.44
10.15
12.02
13.37
10.81
15.94
12.60
11.47
13.70
14.46
14.94
15.26
14.32
12.42
15.40
13.91
14.38
13.73
15.96
11.19
15.54
14.58
11.59
14.02
14.13
12.84
13.43
10.10
10.58
14.49
14.92
12.82
15.47
15.35
11.43
11.00
13.35
15.28
13.80
14.14
12.71
10.83
12.83
11.29
15.10
11.69
12.44
11.55
12.22
10.48
15.45
12.12
12.53
11.77
11.97
11.13
11.80
10.97
15.31
13.54
11.38
15.14
14.18
13.00
11.34
11.13
15.01
10.78
13.33
13.56
10.13
15.08
10.27
10.95
15.13
11.80
15.78
12.16
10.06
14.58
10.94
14.09
14.02
14.42
15.67
12.33
13.23
14.43
10.09
15.92
12.20
13.74
13.59
11.58
13.35
13.86
11.75
13.14
13.10
12.27
11.27
13.91
15.88
14.44
14.60
11.64
13.32
15.05
10.97
14.96
15.08
13.11
10.91
15.16
10.29
10.49
15.17
15.82
15.49
15.63
15.42
13.83
15.76
10.25
12.81
11.07
11.28
14.53
10.23
13.42
14.48
14.16
14.20
11.93
14.47
11.60
11.50
15.11
14.15
10.40
12.10
10.50
12.01
14.93
12.63
14.05
12.71
13.66
13.83
15.42
13.19
14.83
14.99
10.30
14.53
14.62
11.84
14.13
12.25
14.71
11.90
15.17
14.16
11.65
15.35
13.45
14.43
14.44
11.93
11.67
11.85
14.94
15.34
11.01
11.79
14.13
10.93
11.38
15.56
10.80
10.25
16.00
14.08
15.81
15.96
10.15
13.23
11.34
11.88
15.14
12.14
12.38
15.48
14.16
14.11
15.74
13.79
10.39
16.01
12.38
12.16
10.65
11.72
12.76
11.97
12.44
12.74
10.77
12.41
14.04
10.45
12.46
15.51
15.48
10.89
10.99
13.24
14.35
12.16
15.43
11.48
15.34
12.07
13.81
11.46
10.74
11.23
11.39
14.99
10.82
10.26
12.45
11.79
15.69
10.88
13.54
11.76
14.63
12.75
12.27
12.76
13.94
14.04
14.28
12.69
12.33
13.67
14.58
12.22
10.66
14.20
12.58
13.36
14.26
12.99
15.03
11.75
13.98
11.82
14.35
13.30
13.59
13.47
14.16
13.69
11.31
14.89
11.61
12.63
15.94
12.12
13.83
12.35
15.26
13.67
12.52
15.85
13.51
14.64
12.25
10.55
13.77
15.90
11.65
11.76
15.16
15.58
14.30
14.74
12.48
12.67
12.61
14.20
13.53
14.31
10.37
11.94
12.40
15.07
12.20
12.38
13.04
14.59
12.08
12.24
15.30
11.92
11.52
14.67
13.23
10.53
10.65
12.93
12.64
14.63
10.72
10.34
10.51
15.75
10.14
11.47
15.39
10.88
14.39
12.45
15.39
12.39
14.79
14.19
10.71
16.11
11.39
13.31
14.73
14.86
10.78
15.55
12.62
11.81
13.88
13.55
14.48
11.33
12.61
14.13
11.49
15.97
14.56
10.73
15.33
15.47
15.25
15.88
15.45
12.17
11.00
15.87
13.71
12.30
13.13
15.40
12.10
10.84
12.17
15.50
15.50
10.38
12.42
10.57
10.62
15.21
12.81
13.50
12.19
12.48
12.72
14.63
10.12
10.58
15.53
15.48
12.95
13.33
10.90
15.45
11.59
11.86
12.49
12.92
11.60
12.88
15.68
14.82
15.60
11.21
15.07
14.06
14.55
13.79
10.32
10.32
10.07
12.09
14.60
12.88
15.14
12.39
15.34
10.18
14.66
11.03
11.69
10.70
13.45
10.36
12.26
15.24
10.70
14.36
15.48
10.61
13.13
10.73
12.53
15.75
15.27
10.93
12.87
14.70
14.75
16.02
14.00
11.64
12.29
11.95
13.57
10.38
12.75
11.81
11.55
15.17
13.23
13.79
11.22
16.02
13.62
15.99
12.92
12.59
11.96
13.18
12.68
14.21
12.40
15.64
13.94
12.51
15.53
12.97
11.31
14.73
10.44
11.85
12.43
15.47
13.82
11.48
13.56
15.52
14.62
13.50
14.93
14.77
10.76
15.70
14.15
12.57
14.26
14.30
16.00
15.54
13.94
13.90
15.05
11.61
13.63
14.99
12.71
14.27
10.75
14.73
14.11
12.32
13.10
14.52
12.81
11.70
13.81
10.45
10.20
14.61
12.95
12.74
15.86
13.23
13.02
14.91
12.08
10.79
11.43
10.77
14.25
10.68
10.49
11.63
12.66
10.65
14.03
11.27
12.50
13.45
10.81
13.37
15.88
12.57
12.95
14.71
10.12
10.31
13.02
14.13
13.70
12.77
14.13
10.18
11.92
12.74
15.14
10.56
13.04
15.50
12.87
11.39
10.40
14.05
15.74
11.90
12.50
10.43
12.60
13.61
12.55
11.66
12.66
15.00
13.47
15.08
14.91
12.01
15.61
14.08
10.23
12.06
10.18
15.83
11.95
14.42
13.87
14.28
14.05
11.15
13.67
12.69
15.30
13.47
11.36
10.20
13.58
15.84
14.05
15.66
11.48
10.22
14.82
10.14
12.72
15.37
12.82
11.61
13.85
11.02
15.72
12.75
14.63
14.74
11.48
14.65
16.01
15.27
12.90
14.30
15.05
12.07
11.19
12.98
10.62
14.78
11.09
15.80
15.18
13.95
12.75
11.56
13.59
12.86
12.47
15.51
15.57
15.78
11.34
15.94
10.49
14.83
15.75
13.00
16.02
14.77
15.41
10.58
10.71
15.88
13.59
12.18
12.28
15.90
12.19
13.23
14.86
12.00
11.72
15.51
11.02
10.83
13.23
15.89
10.42
10.12
10.19
14.18
10.76
14.60
11.78
13.22
11.08
10.10
14.87
15.16
13.32
14.43
13.59
14.22
12.04
10.64
10.45
10.55
15.47
15.20
14.64
13.84
10.90
14.12
12.51
12.15
11.37
13.28
15.79
11.41
14.96
10.44
14.27
11.86
10.68
10.09
11.48
11.79
14.88
12.56
14.21
11.08
15.04
13.37
13.12
12.22
13.46
12.89
11.79
14.53
12.93
12.43
13.19
15.12
13.00
11.13
11.67
12.33
11.09
12.24
15.00
12.62
11.48
13.61
12.29
12.26
12.29
12.36
15.61
13.94
13.89
11.35
12.65
10.98
13.00
13.94
13.38
15.58
14.84
13.34
12.73
14.95
13.11
13.06
11.97
13.88
12.65
12.43
11.13
14.14
14.22
12.75
13.08
11.79
11.17
15.61
14.00
10.81
11.46
10.42
11.18
10.86
10.11
11.67
15.57
12.92
10.74
14.74
11.11
15.46
12.94
12.45
15.39
12.45
11.54
11.56
14.03
11.88
12.65
10.57
14.06
12.91
12.14
12.55
10.13
14.17
14.43
10.75
10.92
14.62
10.37
14.00
10.08
12.80
12.93
15.29
12.28
11.57
14.15
14.51
14.09
10.23
13.57
10.68
12.71
14.11
11.95
11.34
12.97
13.55
15.92
10.10
11.79
10.41
13.87
12.39
11.23
15.07
12.32
11.52
15.25
15.59
12.37
10.64
12.12
11.34
12.45
13.24
11.20
10.83
13.74
11.47
15.72
13.61
15.28
10.75
14.30
13.78
15.14
15.93
11.59
14.92
12.29
11.33
15.43
12.61
10.67
10.13
12.77
13.83
12.87
10.65
13.64
12.29
12.19
11.37
15.31
10.39
15.91
15.93
14.49
13.20
11.40
10.12
14.34
15.78
13.27
15.71
13.34
11.94
12.97
13.82
10.67
15.71
11.29
15.86
10.69
13.41
10.44
11.63
11.55
10.95
12.90
13.99
15.90
14.82
15.84
13.60
14.70
12.29
13.76
13.80
10.69
14.12
11.15
10.42
15.30
11.32
13.21
15.21
12.76
15.46
13.33
14.01
14.96
14.83
12.28
13.38
14.50
14.44
10.36
16.06
13.19
11.35
14.28
10.51
14.99
13.58
11.44
15.81
15.08
12.75
12.63
14.53
14.57
14.16
15.13
15.34
15.33
13.06
10.95
11.30
15.55
13.86
13.89
15.62
12.19
11.04
14.95
14.62
11.03
12.77
12.25
14.99
15.06
15.61
14.02
13.47
13.60
13.92
14.06
14.01
11.53
12.94
15.80
16.04
10.85
12.90
11.32
14.26
11.79
13.62
11.36
15.08
12.01
12.14
14.27
11.69
15.02
11.19
15.20
10.41
13.96
13.45
15.45
11.50
10.21
14.44
13.35
14.91
12.28
11.96
10.83
13.39
15.01
14.50
13.85
12.20
11.01
14.58
10.87
13.42
13.90
14.98
13.52
11.01
10.16
13.06
10.07
11.91
14.25
13.89
11.31
11.88
10.04
15.56
10.22
15.89
14.03
15.07
14.59
14.99
14.87
10.03
11.38
15.81
11.01
13.69
12.68
14.33
15.59
13.23
13.29
12.57
10.97
11.55
12.05
15.03
14.47
10.80
10.45
12.91
11.25
11.52
15.51
15.11
13.65
15.98
13.36
11.75
12.71
15.41
14.66
14.48
10.07
12.55
11.62
15.55
11.08
11.71
11.55
13.12
10.86
14.78
15.18
12.46
12.62
15.71
12.09
13.52
12.77
15.88
11.85
12.01
12.01
13.03
14.09
10.62
15.95
14.88
14.54
11.08
10.50
14.08
14.31
12.32
10.34
12.89
10.77
11.02
14.38
15.86
15.26
10.63
11.24
10.12
14.34
12.63
15.38
13.35
11.94
13.21
14.63
11.08
15.95
16.07
11.36
15.72
10.64
15.58
14.10
12.49
10.47
12.52
13.56
15.46
14.92
15.86
14.64
13.21
11.74
13.17
12.35
13.35
13.32
12.98
15.98
11.88
12.74
12.30
12.99
13.80
13.31
13.41
14.76
12.28
12.72
14.37
12.31
14.65
15.33
10.13
11.87
12.73
10.51
11.24
12.37
15.83
11.85
12.37
10.44
14.13
12.47
15.92
12.96
10.61
13.88
15.55
13.59
13.34
13.24
14.26
14.11
12.85
15.80
12.99
15.16
10.86
10.70
14.92
13.85
13.80
12.96
14.97
12.48
12.29
10.54
10.97
13.94
11.59
11.50
15.56
10.62
10.63
11.55
10.83
15.52
15.23
11.29
10.68
15.80
12.77
13.10
13.40
13.12
14.81
15.41
11.13
13.89
12.82
14.06
13.07
14.33
15.03
13.62
12.43
11.12
13.34
14.07
13.23
15.01
13.40
15.97
15.19
16.02
11.87
13.95
14.40
14.70
11.71
13.54
15.61
14.67
15.84
14.36
13.05
13.49
11.30
13.71
12.96
13.91
12.17
10.79
12.87
13.92
13.51
14.03
13.74
13.57
12.62
13.13
11.94
13.59
11.00
13.52
13.14
15.94
14.05
14.33
11.62
14.70
11.33
15.62
13.22
14.78
12.39
13.16
14.45
13.37
13.93
13.82
11.09
10.34
14.95
13.51
13.80
12.16
14.83
14.58
10.34
13.26
10.28
13.14
10.95
12.71
14.61
15.02
15.37
14.98
15.20
14.51
10.33
13.06
15.01
12.00
12.17
12.31
13.13
10.65
12.38
13.04
13.74
15.91
10.28
15.07
10.62
11.20
12.00
14.46
13.03
10.91
13.15
12.07
13.17
11.56
11.34
14.21
11.54
10.40
14.31
11.46
11.81
11.29
12.74
10.86
15.26
14.25
12.12
12.01
15.94
16.05
14.57
14.66
14.49
15.20
13.24
10.58
12.86
11.28
10.74
12.92
11.07
11.76
12.01
12.61
12.12
12.37
15.21
15.17
15.40
12.23
14.42
13.45
12.84
14.41
12.31
11.04
12.91
12.52
11.80
13.21
14.55
13.70
14.48
13.54
11.94
11.51
12.94
15.71
10.12
15.65
15.51
15.70
15.80
13.58
14.99
13.10
14.81
15.76
12.72
12.79
16.07
12.58
12.76
13.30
13.69
11.14
15.53
13.35
11.37
14.04
13.88
14.28
13.94
14.81
10.87
12.71
11.39
15.57
12.45
13.15
15.03
15.41
14.30
11.10
16.07
11.59
11.89
11.75
13.74
11.67
14.89
13.36
12.16
11.75
12.78
13.96
11.82
12.51
11.83
10.70
14.87
12.31
15.24
10.27
14.91
11.89
14.10
14.31
10.96
11.36
14.92
11.92
11.57
13.76
11.20
10.85
14.08
15.75
11.15
10.07
10.61
13.85
12.86
14.93
13.15
14.38
12.94
13.51
10.57
12.38
10.69
10.76
15.40
13.57
11.15
11.20
14.93
10.64
15.09
12.34
14.58
10.07
12.74
14.53
10.54
12.45
13.74
13.79
15.67
14.13
10.47
12.60
13.40
12.34
13.00
12.42
15.96
12.59
13.06
14.54
13.95
13.06
15.99
10.16
10.69
14.29
15.61
12.75
14.22
14.88
15.67
14.66
14.22
13.70
13.26
14.12
11.75
10.79
11.95
12.80
11.08
12.49
11.24
12.66
12.66
14.18
12.84
13.76
12.89
14.45
14.61
14.89
13.62
12.71
12.65
12.59
12.90
13.58
13.38
13.99
12.31
11.58
13.96
13.19
12.64
11.23
14.64
14.97
15.09
15.29
14.28
10.02
12.79
13.20
10.75
12.90
10.34
12.16
13.63
15.20
13.85
15.15
11.49
15.67
15.79
13.78
12.77
15.83
12.13
11.92
14.96
15.92
15.82
13.16
11.25
12.02
10.15
15.21
14.76
11.74
13.04
10.91
14.02
15.17
15.66
10.31
12.63
11.84
12.30
11.01
14.99
15.79
10.93
14.26
13.58
12.21
12.89
14.80
10.70
10.42
11.78
10.72
11.15
10.08
11.66
14.33
14.54
14.80
11.93
12.75
11.66
11.58
14.30
14.03
10.20
10.21
15.55
14.80
11.40
11.83
12.90
13.73
10.52
13.51
13.56
10.65
15.31
10.85
10.61
12.51
11.47
13.31
14.18
13.63
15.16
13.58
11.08
12.53
10.26
14.66
11.85
13.74
10.50
15.21
12.38
15.54
12.64
10.99
15.28
15.73
13.41
10.71
14.30
15.88
13.76
10.77
12.71
10.97
13.05
10.90
13.29
11.39
14.18
12.81
12.17
11.70
11.40
13.80
14.64
12.00
13.32
12.50
14.97
14.00
14.55
10.06
15.48
14.02
10.14
13.84
12.59
15.79
12.58
14.50
10.76
13.18
12.17
10.40
12.98
11.81
15.14
14.82
11.19
12.77
13.82
12.26
13.81
15.46
12.19
11.73
13.83
13.78
10.50
10.22
15.72
12.38
11.95
13.07
14.95
14.28
11.00
13.23
14.36
12.45
13.74
10.59
12.76
10.27
11.27
11.47
11.93
10.51
13.30
12.61
12.91
12.70
13.38
13.95
12.50
13.66
12.24
10.47
14.18
11.04
15.44
10.84
13.95
11.99
13.88
12.19
14.05
13.80
10.31
11.42
10.25
15.93
15.90
15.08
11.09
14.03
15.86
10.80
15.00
14.16
12.19
14.48
10.61
15.93
12.59
11.68
11.95
13.23
10.23
11.80
10.54
11.61
11.52
13.83
11.89
15.34
13.11
13.44
14.78
12.85
12.27
11.09
15.97
14.74
12.23
14.61
14.33
12.56
10.81
10.25
15.53
12.50
11.46
13.14
13.94
10.38
14.56
12.86
13.17
15.45
14.98
11.49
14.84
11.41
15.12
14.66
11.43
11.53
11.16
14.15
15.54
14.90
13.00
14.87
13.76
10.10
16.01
14.74
14.18
14.07
15.16
11.83
12.55
12.82
15.84
12.54
12.04
14.34
14.79
13.90
15.99
14.00
13.24
15.59
14.03
10.16
11.04
14.14
10.84
11.09
15.85
15.34
12.93
11.68
10.20
10.39
15.46
13.98
14.15
15.51
14.82
10.42
13.06
15.63
10.24
11.87
13.91
15.02
11.26
13.57
13.30
12.26
10.41
14.98
14.89
10.94
11.49
11.61
14.96
15.71
12.14
11.42
14.97
13.77
12.74
11.30
15.24
12.04
11.40
16.07
12.82
15.85
14.92
15.38
12.79
14.50
14.83
14.34
13.85
13.45
12.68
11.24
13.09
15.54
13.59
14.78
15.47
12.12
11.23
14.50
11.22
12.83
12.94
11.43
11.41
15.81
15.24
12.03
15.39
15.96
10.31
15.85
15.12
10.47
15.94
11.25
15.53
11.13
11.61
10.34
13.29
11.77
15.39
15.62
14.18
13.22
12.39
11.39
14.69
13.27
15.00
11.39
15.64
10.61
12.04
12.21
12.56
13.56
12.41
11.18
14.03
14.55
15.95
13.77
14.52
12.78
15.42
16.03
15.67
10.26
13.67
11.32
13.77
14.22
14.11
15.34
14.09
12.65
14.75
10.53
11.72
15.96
11.28
15.74
10.41
10.93
14.96
14.73
12.11
12.93
14.43
12.51
11.68
12.36
13.11
12.67
11.88
11.92
10.90
14.07
15.86
14.79
15.59
12.45
13.28
11.80
10.77
15.56
15.68
15.58
15.57
13.98
14.47
15.61
12.15
16.02
14.11
15.45
11.57
11.76
12.15
14.60
11.33
14.70
10.45
14.84
10.86
14.52
13.03
13.80
11.39
11.33
15.83
10.98
10.26
13.37
12.53
12.15
11.33
10.75
11.68
11.21
14.42
13.10
15.58
13.81
12.46
11.69
11.77
13.19
15.57
11.03
16.00
11.74
14.77
12.77
11.99
14.21
13.94
15.82
14.87
15.30
10.41
15.04
11.27
11.87
10.05
15.91
15.72
10.33
12.43
12.46
15.04
13.71
10.90
14.93
11.85
13.08
12.23
11.56
10.20
15.41
14.05
14.57
15.16
13.79
11.82
11.07
11.31
14.69
14.81
10.90
14.00
13.62
11.32
15.43
12.42
16.05
13.02
12.55
14.51
15.76
15.13
14.65
12.26
13.54
12.96
10.40
13.04
14.78
12.41
12.18
12.94
12.66
12.49
15.68
14.59
10.14
15.00
11.67
10.36
