11.30
10.19
11.95
11.23
10.26
12.40
10.52
11.79
10.96
10.24
11.09
11.03
8.84
12.24
12.74
12.14
11.01
11.92
12.44
11.19
9.49
12.03
12.05
11.95
9.57
12.65
10.63
12.88
10.19
10.19
10.60
10.95
11.30
10.77
11.78
9.65
12.98
10.99
9.16
12.36
12.90
10.81
10.29
12.62
9.85
9.18
11.30
9.40
9.08
11.59
9.25
11.22
9.86
11.76
9.46
11.18
9.68
11.08
9.09
10.49
9.92
11.51
9.00
9.46
10.05
12.10
11.13
9.33
10.35
10.84
9.74
11.42
8.93
9.58
10.19
12.42
11.67
11.91
11.59
11.03
12.61
11.88
12.30
9.45
9.18
10.50
12.81
12.49
11.47
8.96
10.86
9.28
12.78
8.72
9.66
12.20
11.40
13.02
12.88
10.60
12.93
9.62
9.85
11.58
9.47
10.49
10.62
10.57
9.89
11.02
12.86
8.91
10.13
12.59
10.93
9.17
11.24
13.01
11.90
8.89
9.56
11.21
12.35
10.44
10.47
8.83
10.55
9.87
11.14
10.45
11.69
9.66
12.28
12.30
12.01
12.25
11.01
9.73
12.17
12.24
8.72
9.55
12.89
11.18
10.18
11.82
10.92
9.18
10.32
12.12
12.77
11.65
10.83
10.59
11.40
13.00
10.45
10.34
8.85
9.30
8.98
9.52
11.77
12.57
12.52
10.72
10.99
10.21
9.86
8.79
12.41
9.87
12.59
9.95
9.45
11.91
11.20
10.47
12.84
11.26
9.59
8.91
10.91
12.70
10.53
11.02
12.29
10.90
9.45
10.07
12.70
10.18
12.10
10.72
9.13
10.48
12.15
9.56
12.06
10.21
11.68
9.42
10.80
9.64
9.60
12.15
8.89
10.76
10.25
11.02
13.03
9.15
10.44
9.79
11.52
8.76
11.49
10.91
12.43
11.65
12.36
11.36
13.07
12.56
10.75
10.62
11.64
9.92
9.97
10.43
12.03
12.43
12.11
11.53
12.63
10.44
12.45
10.06
9.55
10.20
9.55
12.65
12.30
9.72
12.40
10.30
10.12
12.24
12.88
9.93
10.51
8.79
10.66
9.21
10.12
12.55
10.84
12.28
9.72
9.69
10.21
10.06
10.40
11.52
11.22
8.83
11.22
11.67
10.54
12.74
11.49
11.86
12.45
10.84
9.89
12.29
11.81
10.01
11.60
11.10
12.59
10.08
12.98
10.93
11.01
10.38
11.48
8.80
12.97
12.48
11.23
9.67
13.02
11.11
10.74
9.05
9.73
8.85
9.18
10.45
10.71
9.25
11.70
11.71
9.83
11.84
10.72
11.11
11.11
10.89
11.93
9.36
12.64
9.32
9.07
10.59
11.81
9.67
9.74
11.91
10.37
12.76
10.64
12.23
9.74
10.45
11.48
12.44
11.93
12.37
11.62
13.06
11.03
12.17
9.30
10.67
11.43
12.30
8.92
9.75
10.42
9.85
11.57
9.65
9.06
12.89
9.18
10.03
10.49
9.22
10.29
10.01
9.31
12.72
11.41
10.13
9.25
9.33
11.22
11.77
12.53
11.39
8.94
10.38
12.26
11.56
9.39
11.14
10.74
11.96
10.99
9.50
12.26
11.18
12.75
12.68
10.83
12.27
9.97
11.21
12.36
12.50
10.95
11.07
11.12
11.62
11.47
11.40
10.47
10.53
10.19
8.83
9.64
8.77
10.64
11.68
10.95
10.61
11.45
10.53
10.80
11.32
9.68
10.12
12.93
11.44
10.78
10.42
10.14
12.38
11.34
8.85
12.15
10.54
12.85
10.53
10.68
9.07
11.57
9.50
11.60
12.73
12.07
11.96
9.37
9.88
13.02
11.58
11.85
11.01
11.68
9.75
10.49
10.00
12.72
9.77
11.73
9.89
10.65
10.32
9.00
9.15
11.93
12.86
11.07
12.87
10.57
11.04
12.89
10.30
11.64
9.16
9.72
11.92
10.75
10.38
11.78
12.00
11.09
12.25
12.79
12.43
9.23
9.46
11.85
11.91
11.75
8.99
8.87
12.39
8.75
12.99
10.34
11.90
9.06
11.17
9.51
11.34
11.72
12.18
10.20
11.89
10.76
9.61
12.96
13.03
10.82
9.12
11.15
12.81
9.11
10.78
11.22
11.85
8.96
11.16
9.41
11.98
10.66
12.50
9.31
12.97
9.54
11.69
10.11
8.91
9.00
10.95
10.57
9.08
13.01
9.72
10.30
10.68
10.81
11.68
13.05
9.22
9.87
11.10
13.02
12.55
10.79
9.88
12.91
9.26
10.12
8.80
8.74
12.64
12.14
12.55
10.55
11.13
12.74
12.28
12.23
12.39
9.19
8.92
11.27
12.06
10.61
12.64
12.20
11.67
12.09
11.47
10.60
10.45
9.92
9.93
13.03
12.56
12.87
10.17
10.94
11.98
11.06
12.73
12.23
10.07
12.65
11.70
10.58
9.37
10.30
11.85
9.62
9.30
11.30
11.78
10.49
12.66
9.59
12.12
11.05
11.72
10.43
9.93
9.71
9.65
10.79
9.10
9.01
12.58
11.85
8.80
10.71
11.12
10.27
10.54
8.75
11.00
11.23
10.52
12.39
10.10
12.91
12.01
11.64
11.09
9.09
12.46
10.45
9.69
9.01
10.03
11.92
9.40
9.37
12.77
10.85
11.96
10.21
8.88
8.98
11.57
12.18
11.18
10.60
9.12
12.31
12.59
9.42
12.44
9.22
9.47
11.85
8.92
10.37
12.36
10.12
9.57
9.64
12.98
12.81
9.96
12.14
11.36
11.93
9.55
9.30
10.94
11.44
12.95
9.01
9.99
9.07
11.78
10.28
10.65
10.08
12.94
11.61
9.49
12.98
10.42
10.77
11.54
9.50
12.70
10.05
9.90
10.88
8.77
10.57
12.31
11.37
10.41
9.62
12.03
9.84
10.45
8.83
12.42
9.87
9.94
11.17
11.96
9.74
9.37
12.59
9.85
10.38
10.62
12.02
9.87
9.56
9.37
9.69
12.98
8.85
9.31
10.24
9.07
11.16
10.61
10.94
9.30
9.73
13.05
12.24
13.04
12.86
10.85
11.12
9.98
9.23
11.19
9.60
9.73
11.88
9.23
11.65
9.16
9.55
10.65
11.41
11.56
11.47
10.25
10.31
9.61
8.87
11.73
12.63
9.58
12.07
11.08
12.57
12.41
11.06
11.74
9.57
9.47
11.88
8.98
9.23
12.57
12.41
10.97
12.65
9.82
9.12
9.60
10.32
12.55
9.62
11.06
12.42
12.26
10.58
10.00
12.64
11.96
10.67
9.32
10.60
10.79
10.71
9.65
12.33
8.87
12.81
10.61
9.79
12.97
11.24
11.80
11.35
9.10
9.89
11.98
11.15
10.06
9.42
9.64
10.30
11.89
9.67
8.99
11.54
10.40
9.66
9.86
9.98
12.01
10.23
12.61
11.30
11.23
10.77
12.33
12.90
11.56
11.89
10.41
11.76
11.78
12.04
10.36
11.20
12.04
8.87
12.21
9.74
9.30
11.87
10.92
11.57
12.88
10.99
12.84
12.49
9.22
9.04
11.56
10.99
9.17
10.09
11.62
11.36
12.12
10.25
10.32
11.05
11.81
11.55
12.00
12.57
10.56
9.19
10.27
9.22
11.22
11.75
10.27
8.79
10.60
13.01
11.35
11.83
9.53
10.75
11.03
12.99
12.92
9.96
11.05
11.38
11.06
12.26
11.34
12.99
10.68
10.58
9.64
12.62
11.64
10.08
12.51
12.96
11.44
11.73
12.53
9.94
9.18
13.02
11.27
10.68
10.86
10.12
12.55
12.94
12.38
11.50
11.04
11.67
12.39
12.03
11.03
11.42
12.53
9.07
12.81
10.97
12.26
12.37
10.34
10.80
10.20
10.10
12.22
9.90
12.57
11.13
9.92
9.73
12.69
11.08
12.97
11.15
8.83
12.16
9.61
12.89
9.18
10.39
12.95
9.86
12.44
11.85
11.66
13.02
9.65
9.84
10.33
10.53
8.84
10.85
9.45
11.94
10.54
10.31
10.80
11.23
10.23
9.35
12.49
8.94
9.86
12.22
12.33
11.81
12.35
10.94
9.69
11.83
11.61
9.08
10.53
9.94
12.84
12.81
9.19
8.75
13.00
11.28
9.71
10.10
11.11
10.91
12.00
9.91
12.35
11.82
9.83
9.91
9.11
10.43
11.21
9.34
11.14
9.72
9.41
10.52
13.04
9.64
9.05
9.99
9.28
9.55
9.23
12.41
11.86
9.33
12.08
10.04
11.57
10.81
11.10
9.55
12.09
8.94
11.56
12.32
9.87
9.87
12.61
12.17
10.77
11.02
10.79
11.53
12.72
8.75
10.52
11.01
10.28
11.28
10.29
12.08
11.86
8.77
11.01
11.70
12.80
10.27
9.30
11.20
10.02
12.13
10.78
9.78
11.43
12.25
11.90
9.99
10.68
11.11
10.43
10.67
10.22
8.94
10.19
12.17
12.58
10.62
10.95
10.66
8.87
11.93
12.44
10.20
10.04
12.01
9.02
12.76
9.50
9.37
8.87
11.40
11.26
9.85
9.90
9.71
11.57
10.51
10.19
11.42
12.36
8.90
12.02
12.20
9.58
11.89
12.21
10.57
12.15
9.85
9.22
9.84
11.90
10.39
9.03
11.77
12.51
12.57
9.82
10.77
10.74
8.90
10.47
12.47
9.91
12.21
12.11
8.96
9.73
8.78
12.27
10.36
12.41
12.32
9.99
11.69
11.35
11.51
10.27
9.13
12.78
9.85
10.38
9.23
12.68
9.69
9.24
10.17
8.94
9.22
8.75
8.82
9.73
8.95
9.58
11.50
11.56
9.35
10.14
8.77
11.97
10.80
9.34
11.28
12.12
10.82
10.91
10.06
11.54
12.32
9.07
11.91
11.54
12.46
9.72
12.38
11.58
12.20
12.91
9.28
12.80
11.15
11.32
10.71
12.44
10.17
11.84
9.83
11.70
10.00
11.86
12.00
12.82
9.45
9.34
12.19
9.35
11.23
12.68
10.01
9.38
12.31
9.02
9.14
11.42
12.80
12.99
9.06
9.50
9.77
11.60
12.22
9.02
10.83
10.57
11.45
12.30
10.76
12.69
10.73
11.03
8.81
12.96
12.42
9.16
11.54
10.08
11.30
10.36
9.95
11.92
12.48
9.72
11.09
10.37
10.10
9.48
12.72
9.21
12.57
11.09
9.24
9.69
10.84
12.44
11.69
8.71
9.52
9.61
11.64
9.66
12.50
11.19
12.81
9.24
12.57
10.88
11.33
10.93
11.29
12.82
8.87
12.83
12.53
9.02
11.00
9.54
10.05
9.34
9.58
9.79
12.17
9.99
12.08
12.18
10.97
9.02
11.96
10.60
11.38
10.82
9.36
8.70
10.04
11.24
12.12
12.38
9.09
9.09
11.29
12.20
11.78
8.79
10.45
8.98
12.66
10.42
10.60
10.72
11.40
9.73
10.92
10.50
10.63
11.58
12.11
11.32
12.62
9.15
10.49
10.80
9.71
10.39
11.59
11.79
9.00
11.00
10.78
9.24
12.12
10.66
9.37
