26.80
23.83
21.92
21.10
26.93
28.02
23.24
26.74
27.46
21.13
24.78
21.75
21.28
21.95
23.68
21.83
26.06
22.96
25.96
23.22
21.13
27.56
27.56
27.27
21.49
26.01
23.11
23.33
24.49
21.71
23.14
22.14
24.48
24.94
25.26
21.78
26.23
22.80
25.85
24.71
27.60
22.29
22.27
23.10
26.60
21.62
26.82
24.76
26.30
22.70
23.93
27.03
22.50
24.06
27.04
22.27
26.25
27.02
24.04
25.15
27.48
21.85
23.56
23.22
22.67
25.03
26.21
27.81
23.15
21.43
22.73
26.67
23.18
26.26
27.07
26.87
25.82
27.71
23.57
23.30
24.41
26.49
24.82
25.00
22.58
26.08
27.16
24.71
23.05
21.42
22.30
25.01
22.05
24.99
22.17
25.08
23.07
24.05
22.74
25.27
23.62
21.37
24.54
24.09
22.61
22.90
27.37
23.41
23.34
26.91
26.20
22.91
26.54
26.00
22.19
23.97
27.25
25.44
22.68
21.50
26.94
21.59
24.42
27.26
27.90
25.90
21.54
21.67
27.07
21.86
23.79
28.05
23.09
21.43
23.05
27.71
26.27
26.79
22.48
23.51
24.86
21.93
21.81
25.22
24.42
24.43
24.19
24.47
24.17
25.71
23.33
23.79
22.90
27.52
22.01
21.28
23.52
22.44
25.96
28.05
21.83
26.37
27.54
25.71
22.62
24.24
27.36
26.71
25.66
21.83
25.44
26.30
24.41
24.32
22.52
27.53
24.77
23.18
26.59
24.98
21.32
24.37
25.79
22.05
21.08
21.15
25.67
22.61
26.85
25.87
24.85
26.22
27.07
22.10
27.47
22.03
25.18
27.75
24.73
26.17
25.51
21.74
25.64
24.30
23.38
24.19
27.43
22.98
24.36
25.95
27.42
27.08
22.94
27.86
22.64
25.45
25.25
27.73
25.20
22.05
24.68
23.48
21.27
26.25
26.14
21.68
25.75
25.33
27.75
26.41
25.50
26.36
23.65
21.43
21.47
23.88
23.86
24.35
23.99
27.88
26.68
27.50
21.75
21.65
27.43
26.37
26.87
21.64
26.34
27.91
27.22
25.81
22.75
26.05
26.90
25.46
23.90
22.67
25.64
24.57
25.06
22.43
25.33
23.11
25.86
22.47
27.25
24.12
23.64
27.43
26.11
26.83
22.37
24.30
26.81
25.28
22.99
25.18
23.94
24.22
22.86
22.32
24.28
25.70
21.12
27.65
26.70
22.00
27.91
27.69
21.44
22.49
23.49
21.31
22.09
26.06
24.64
25.22
24.54
26.39
21.44
24.04
23.48
24.01
26.76
25.17
26.39
25.03
27.48
25.27
24.93
21.40
24.35
27.09
26.50
22.94
22.19
25.10
24.90
27.21
21.17
23.97
25.31
24.48
25.05
21.37
25.11
25.52
25.28
25.11
27.31
24.25
21.56
25.50
22.91
27.75
24.96
25.28
22.40
27.09
26.11
21.67
24.54
24.87
25.04
24.95
24.32
25.50
24.25
25.51
26.04
25.00
23.40
24.18
23.06
24.55
21.42
23.23
23.24
24.72
27.84
21.42
24.18
27.29
21.11
26.67
23.20
25.30
28.03
22.57
27.90
27.26
22.30
25.46
25.87
27.34
25.32
21.59
21.58
24.19
25.32
22.60
27.93
22.70
24.49
25.05
25.70
24.42
25.96
21.89
23.44
21.83
26.73
23.51
23.28
23.75
23.88
24.53
25.73
26.93
26.67
27.35
25.62
27.20
21.46
27.10
27.73
25.37
23.85
27.85
25.68
22.66
27.24
22.19
24.14
22.61
23.09
24.41
22.45
26.77
23.33
25.76
24.20
27.50
26.03
23.83
26.11
21.90
25.75
26.17
23.80
25.90
25.39
22.59
23.71
27.70
21.41
21.29
25.65
23.30
25.89
25.00
23.11
24.43
25.78
26.16
22.99
24.06
21.47
25.22
27.24
25.04
27.73
25.74
23.47
26.82
26.91
23.57
22.85
26.52
21.36
25.59
25.22
22.89
23.68
27.82
26.69
24.49
22.39
25.94
26.42
23.50
22.11
25.79
25.42
21.05
25.58
23.60
23.98
23.67
26.54
25.99
26.64
23.60
23.26
24.12
23.03
25.04
25.02
26.77
26.60
23.60
23.80
24.15
26.50
26.97
26.29
24.87
25.68
26.77
26.52
27.70
21.37
23.21
23.60
22.00
21.94
23.09
26.03
26.70
21.62
26.07
24.03
24.09
23.82
21.66
26.87
25.66
25.38
21.50
27.55
28.01
23.99
22.01
21.15
26.44
27.61
22.59
24.17
24.33
23.20
23.27
26.50
26.44
27.48
22.42
26.64
21.69
24.02
24.99
23.50
24.22
27.01
25.89
22.38
27.82
27.16
26.43
21.49
24.13
23.58
24.16
22.97
21.26
23.99
24.90
21.40
27.75
23.71
27.91
26.42
21.62
25.86
22.66
25.17
27.06
25.31
24.42
24.10
24.07
24.92
27.07
21.52
25.45
26.47
23.13
27.03
22.15
26.03
24.40
21.46
23.11
25.72
24.73
26.29
21.77
21.63
28.01
21.13
21.40
26.12
23.23
24.25
25.07
23.26
22.01
27.92
26.37
27.16
25.04
26.85
22.06
23.30
26.96
24.74
24.20
25.40
21.62
27.37
25.36
23.57
21.11
26.98
23.02
21.31
23.85
26.54
23.94
23.42
23.71
27.00
23.04
26.66
25.55
25.82
26.10
23.99
27.50
25.74
25.44
27.53
24.28
22.79
21.40
26.29
27.15
25.45
22.79
26.09
22.90
23.55
25.07
22.19
26.16
25.97
27.66
25.84
21.17
24.65
25.45
27.02
25.65
27.16
21.35
21.22
26.81
21.18
25.80
24.88
26.99
21.63
26.66
23.19
25.14
27.76
22.19
25.72
25.80
25.44
23.79
21.92
25.12
21.17
21.36
26.76
27.04
21.41
28.06
27.09
21.85
27.75
26.28
26.53
24.97
27.24
27.04
25.09
26.83
26.41
27.62
25.30
27.34
23.95
23.71
23.35
27.81
22.42
27.67
27.55
24.37
25.43
26.27
25.98
25.77
25.95
24.44
22.84
25.99
26.69
26.38
27.47
22.27
22.86
27.13
23.61
27.31
24.12
22.08
26.41
26.38
23.39
21.73
22.73
24.42
26.80
22.08
21.23
26.40
22.69
27.97
25.25
28.10
25.87
23.53
27.21
25.62
21.59
25.03
23.51
26.55
27.07
23.43
21.62
25.59
27.03
24.37
22.48
21.75
23.77
23.96
24.76
27.33
22.95
26.84
26.85
27.93
27.93
27.68
21.88
24.15
22.81
28.02
23.08
23.23
24.96
22.99
25.90
27.11
27.74
27.62
25.37
26.74
28.06
25.21
24.30
23.49
22.69
23.43
23.25
25.48
26.73
25.26
21.70
21.26
26.10
28.03
23.09
23.79
24.02
23.54
22.24
27.40
24.48
21.93
24.02
26.39
22.09
25.78
23.73
25.40
26.58
24.34
25.80
23.20
22.02
25.84
21.72
25.47
21.48
21.12
27.55
26.27
24.86
25.83
27.47
22.74
23.42
22.48
21.24
26.59
22.52
26.87
26.09
25.65
24.78
25.43
26.25
24.27
26.38
25.00
24.96
21.63
25.18
21.12
22.21
22.08
26.82
27.88
23.53
23.74
27.02
25.43
28.09
22.72
26.60
22.23
21.25
23.37
26.72
22.17
23.67
21.13
21.62
23.65
27.21
26.44
21.35
22.48
23.05
21.12
25.67
24.95
25.33
27.76
25.35
23.03
22.02
23.89
27.59
26.78
23.84
23.74
27.50
23.72
26.86
23.87
22.55
26.06
27.73
28.05
25.34
23.16
24.59
26.32
22.21
27.40
23.82
26.26
27.72
25.22
26.03
26.91
24.66
28.00
26.13
27.22
26.75
22.66
27.12
27.92
26.09
25.73
21.35
21.20
26.03
27.09
22.94
26.33
22.45
26.19
26.27
21.13
21.54
21.25
25.11
27.90
23.49
21.20
21.86
25.99
22.30
25.83
21.80
25.66
27.24
25.60
22.19
24.15
25.77
27.20
25.87
23.23
27.72
25.25
24.53
24.21
26.32
26.98
22.42
24.62
21.40
22.49
25.01
26.95
26.22
23.25
25.03
25.48
24.10
27.79
25.89
21.76
26.57
25.46
22.28
24.53
27.81
23.88
21.83
23.57
23.53
23.20
26.31
22.31
25.34
27.28
26.19
21.73
25.13
26.04
25.87
21.36
26.88
23.40
22.10
25.10
26.27
25.03
23.53
21.23
23.16
21.93
24.87
23.37
23.03
24.25
23.01
25.67
26.79
23.03
26.29
27.50
24.88
25.31
26.72
22.65
26.40
23.05
23.58
25.22
22.38
22.54
27.36
22.51
21.46
24.36
22.69
26.83
25.00
25.79
22.16
24.20
23.24
26.60
27.01
22.71
26.54
27.25
24.83
26.18
27.46
24.10
25.10
22.44
26.46
25.04
21.91
25.55
21.10
27.35
22.27
26.65
26.40
23.34
23.43
21.55
26.49
27.07
22.12
26.11
26.90
23.79
26.56
22.71
26.27
26.42
26.76
21.31
21.35
25.98
27.53
25.91
26.33
22.97
23.35
23.53
23.87
21.86
27.16
26.91
25.48
22.75
25.96
21.70
27.10
23.55
24.39
25.29
24.47
22.08
23.34
21.44
21.62
22.16
25.93
27.72
27.28
27.21
25.57
24.22
22.75
22.08
23.40
21.83
24.14
21.13
25.26
26.70
23.66
25.19
26.59
23.80
27.62
23.03
22.77
24.62
26.17
27.77
27.88
22.37
26.28
24.94
27.12
27.89
22.23
25.67
26.82
21.75
27.43
22.96
27.40
26.84
24.42
27.64
25.11
23.65
21.16
24.78
27.19
22.08
24.32
21.37
27.83
27.41
24.53
21.06
23.61
24.40
24.59
26.89
27.38
23.98
23.50
22.09
22.01
26.38
22.46
25.10
23.24
26.26
23.07
22.89
24.05
23.01
25.82
24.75
24.11
22.52
27.59
24.66
25.61
23.95
25.94
23.91
27.95
27.30
24.31
25.22
24.17
21.66
21.98
27.04
25.01
24.29
24.70
22.47
22.53
24.40
23.58
26.47
27.01
21.25
22.90
23.45
21.18
26.68
25.22
22.80
25.83
27.13
24.55
26.47
21.82
22.27
22.11
22.27
24.46
25.14
22.34
27.21
22.25
26.24
24.29
27.67
24.77
26.31
24.59
21.11
21.46
22.57
22.81
22.32
27.74
22.73
21.95
24.60
23.32
26.92
25.89
27.47
23.14
22.18
21.32
22.21
23.37
26.94
23.01
26.80
26.51
26.77
21.72
21.66
23.93
21.19
26.13
24.87
25.86
23.28
22.33
24.43
22.22
27.11
22.27
23.84
23.28
23.18
23.17
24.92
24.89
26.24
22.20
25.15
22.19
22.71
25.21
25.03
24.71
27.49
23.97
24.25
26.72
22.01
25.20
27.64
25.76
23.14
27.49
24.14
27.75
26.05
25.70
28.02
25.50
27.84
25.31
22.35
24.13
23.98
25.85
24.17
21.53
26.08
24.00
24.37
26.34
24.74
22.17
25.35
25.92
24.67
26.56
27.08
26.61
23.59
21.61
22.45
24.90
27.11
26.52
23.25
23.83
26.34
22.96
22.39
23.18
22.10
23.40
23.98
23.99
26.04
24.95
23.43
25.38
21.60
21.89
25.80
26.56
27.18
23.66
21.43
22.47
27.05
27.37
26.21
24.06
27.63
27.26
26.44
25.89
24.91
21.71
21.37
22.02
24.26
25.18
24.47
22.11
25.98
24.93
22.94
27.10
24.80
23.06
27.71
22.82
27.51
22.19
26.98
26.33
24.21
21.26
22.53
24.07
21.82
25.12
22.09
25.02
26.73
27.33
26.58
28.01
22.87
23.41
24.18
25.63
24.41
27.27
26.93
26.35
25.29
25.97
25.51
27.20
26.12
22.85
22.88
22.70
26.38
24.26
26.64
27.79
25.03
25.75
21.91
26.53
23.80
26.23
26.11
24.40
22.11
21.94
25.57
21.45
26.52
23.66
27.53
21.38
23.02
25.29
24.58
27.14
23.59
27.61
26.70
26.15
26.65
25.48
28.04
25.53
27.60
21.21
21.73
24.34
25.87
21.39
26.72
26.87
23.37
27.18
21.86
25.79
27.09
21.71
25.44
26.72
25.74
24.14
22.41
24.26
23.51
27.70
25.52
21.51
27.19
22.41
21.61
23.16
21.47
21.67
22.66
22.79
27.52
25.25
23.32
25.07
23.30
22.86
24.22
23.15
21.05
22.01
23.95
24.18
21.23
21.32
26.07
24.14
24.75
23.84
21.63
24.52
21.54
22.84
21.23
21.26
22.87
24.52
25.43
25.35
27.46
25.63
26.65
27.94
21.64
23.36
21.11
22.60
27.38
24.69
27.12
27.24
22.69
22.88
22.95
23.39
26.61
25.69
25.11
27.08
24.60
22.02
24.71
24.21
25.69
21.61
22.21
25.17
25.72
25.78
26.92
21.65
27.19
25.03
23.88
27.06
21.55
27.99
26.86
23.67
23.36
24.36
27.94
27.22
25.65
21.03
25.35
25.36
21.74
24.83
25.06
21.34
25.38
26.44
23.81
23.35
27.15
27.97
26.98
22.99
27.93
25.13
25.05
22.03
25.08
25.87
24.62
27.10
24.60
26.73
26.54
22.44
24.86
23.19
23.41
23.69
26.05
26.90
26.89
21.24
26.51
21.03
22.04
22.98
26.40
25.21
27.35
22.56
24.07
24.54
24.27
27.99
23.23
25.22
26.61
24.90
24.18
21.53
23.20
25.96
23.82
26.06
26.50
27.41
22.14
21.38
26.59
22.97
26.35
26.61
27.94
24.83
24.15
26.85
23.31
23.96
27.73
24.81
26.79
23.50
22.65
27.63
26.58
23.20
24.65
27.56
25.30
21.56
25.01
21.44
27.75
23.43
24.47
24.77
23.34
24.83
27.43
22.50
23.72
24.88
24.48
26.03
23.15
23.30
27.76
21.57
21.99
26.07
26.86
26.79
26.16
22.81
26.11
21.13
25.85
24.33
24.05
24.18
22.65
23.42
21.57
21.53
27.48
24.05
22.57
23.32
21.25
22.54
24.27
24.59
27.54
27.15
26.47
24.07
23.67
24.16
27.13
21.42
27.19
28.07
23.30
27.68
21.79
22.99
23.39
24.68
27.95
23.53
25.60
26.43
21.93
26.51
23.25
21.22
26.89
21.27
24.42
22.57
22.60
24.50
24.48
25.41
23.13
24.63
25.14
26.63
22.29
25.23
23.32
25.09
21.36
21.38
25.34
22.06
27.33
27.67
23.95
25.60
25.62
25.19
22.81
25.52
25.27
22.70
25.02
25.68
23.45
26.21
27.27
24.96
26.82
21.34
26.15
22.15
22.94
24.62
27.31
26.89
25.26
24.62
27.21
22.42
26.46
23.32
24.07
21.76
26.18
27.06
27.73
28.04
22.35
21.24
26.21
26.97
22.95
27.57
22.64
26.34
22.61
24.00
22.60
24.99
22.09
22.09
21.15
22.38
25.27
27.14
27.47
24.11
21.86
24.21
27.94
27.32
21.85
21.52
24.83
26.93
24.62
23.75
25.80
25.31
21.83
27.38
22.03
27.55
27.22
24.59
26.03
27.30
22.32
23.95
23.66
26.11
27.07
24.70
27.25
24.42
27.91
21.50
28.05
26.45
21.86
25.86
25.50
24.41
21.29
23.74
26.52
26.93
25.39
22.45
22.01
22.28
22.59
25.45
26.10
22.05
26.96
21.96
23.14
27.29
24.65
25.09
28.05
26.00
22.33
21.49
26.20
23.76
24.23
25.90
26.05
25.11
26.73
27.46
22.00
21.82
23.64
26.07
26.87
27.74
26.83
21.37
23.84
25.11
25.88
26.38
25.32
24.38
23.45
24.65
22.28
26.54
23.86
26.88
26.58
26.95
22.25
25.68
22.42
23.78
22.05
27.47
26.59
22.79
26.46
25.14
25.98
27.80
21.69
27.47
23.66
26.12
24.36
22.75
28.07
24.10
24.14
23.55
26.27
23.00
23.36
23.54
23.22
24.16
26.92
26.00
25.80
21.39
26.22
22.32
25.70
21.31
21.26
26.15
24.46
25.43
26.87
24.57
25.69
25.69
26.60
23.50
27.10
23.85
27.88
24.75
26.65
21.35
21.38
24.83
27.01
25.23
27.43
22.35
27.66
25.03
22.84
21.76
22.44
25.74
27.28
22.50
21.57
26.36
23.66
24.30
22.17
24.30
25.24
25.53
21.88
22.52
22.39
26.40
26.45
26.49
27.64
23.96
24.55
21.84
24.16
21.99
27.11
23.70
27.00
24.99
22.66
22.67
24.24
25.86
24.94
23.07
24.19
27.44
24.86
26.80
26.49
27.67
21.38
27.14
24.64
22.84
26.26
26.00
25.80
24.38
23.06
23.46
27.44
22.81
22.47
26.72
22.71
21.19
26.96
24.06
24.36
26.10
23.03
25.00
27.38
27.64
22.35
23.14
21.85
22.58
22.18
25.25
23.47
21.36
26.05
22.72
25.08
25.65
21.39
28.02
24.57
24.20
25.09
27.91
27.95
26.04
21.67
23.14
22.85
23.16
21.17
23.83
25.85
25.08
25.50
26.99
21.57
22.96
21.60
23.42
23.57
26.47
24.34
25.05
27.70
28.04
26.29
21.67
21.66
26.69
21.59
26.33
21.35
21.67
21.64
24.49
22.64
25.07
22.21
27.49
26.61
22.29
27.83
24.57
27.71
25.78
25.12
25.46
21.64
25.80
26.17
24.14
21.72
21.58
22.98
25.14
22.70
27.92
23.56
24.02
23.79
25.28
21.41
26.27
27.31
22.84
24.02
23.58
23.71
25.68
27.79
22.61
27.43
25.16
25.93
21.10
26.54
26.68
24.76
21.82
26.23
27.32
21.21
27.07
21.57
23.82
21.24
27.16
23.98
23.04
25.11
27.39
21.68
21.84
23.88
22.49
22.39
23.50
27.92
22.77
22.73
27.20
25.85
27.48
24.78
25.46
22.24
26.35
22.75
22.44
26.83
23.56
22.47
22.91
21.23
28.07
25.23
23.53
24.23
26.20
26.51
27.84
27.03
22.59
24.43
25.35
27.02
27.41
27.23
22.76
24.59
27.85
21.27
22.40
23.03
27.02
27.23
24.90
24.46
27.31
23.92
22.27
22.22
27.28
26.31
23.44
21.63
22.53
27.15
24.80
22.12
23.53
23.40
21.44
23.73
23.08
27.50
25.01
23.01
26.98
23.90
27.64
25.77
24.62
26.88
21.32
26.93
26.87
23.66
22.08
27.19
25.61
22.20
25.90
22.01
27.43
23.39
21.53
27.53
25.98
22.29
23.63
24.72
21.23
22.35
21.79
21.92
24.63
21.80
25.01
27.21
21.33
27.57
26.01
26.06
27.57
27.73
21.16
23.01
23.74
26.94
24.88
27.42
25.16
24.92
23.46
24.85
24.92
23.16
21.62
21.27
21.48
22.38
22.82
21.48
23.26
27.85
26.76
24.71
22.49
27.60
22.93
22.40
26.85
21.41
22.62
26.55
26.20
25.82
23.33
25.27
26.43
25.63
25.21
26.63
26.35
26.73
22.51
22.49
25.26
27.69
26.12
22.20
24.07
27.89
27.65
24.45
23.78
23.09
23.41
24.05
21.74
26.86
25.07
24.90
24.94
26.61
22.31
23.76
26.35
26.07
26.77
21.47
22.68
23.14
22.88
27.26
24.43
27.03
23.53
25.47
27.47
25.56
23.68
26.77
23.70
25.08
24.78
22.81
23.48
23.90
26.95
22.63
21.20
22.21
21.13
27.05
26.63
21.26
24.62
26.16
21.11
22.62
22.11
24.76
25.17
21.48
21.18
26.08
27.26
22.88
21.26
23.08
23.23
21.79
21.94
23.64
27.82
25.09
22.74
27.20
27.73
22.53
23.65
26.36
23.57
25.41
23.99
25.94
23.53
27.88
26.91
27.63
24.37
27.03
26.27
27.02
27.20
25.14
24.73
25.79
22.14
23.99
22.46
21.15
27.26
24.98
26.17
26.96
25.13
25.78
24.45
25.97
27.06
21.22
25.38
27.74
22.65
27.21
24.83
22.78
22.51
24.05
21.38
24.37
27.92
23.16
27.31
25.56
23.97
23.52
24.24
25.63
25.98
22.64
23.20
25.45
22.11
22.34
26.36
21.45
23.28
24.53
22.18
26.30
26.55
22.40
21.30
22.87
27.55
24.36
24.09
24.43
26.05
25.06
21.51
22.00
28.02
28.06
22.14
25.00
27.16
21.79
25.62
24.63
25.44
22.90
27.17
25.60
25.89
22.72
21.33
21.31
22.75
23.52
25.82
27.84
21.67
25.07
21.87
22.73
27.08
24.53
25.19
22.32
22.06
26.28
25.28
24.83
21.27
24.63
27.19
27.74
21.91
21.41
25.94
22.82
22.55
22.74
23.96
22.28
26.09
27.74
23.90
27.87
21.82
27.88
23.50
23.83
25.25
24.11
26.25
25.79
24.60
21.23
23.56
26.64
24.17
26.99
26.92
27.58
24.04
25.63
22.00
23.29
24.81
23.55
25.68
23.12
21.45
25.81
24.10
26.87
23.19
24.52
24.03
25.98
27.57
23.32
25.92
22.98
21.80
24.63
24.25
27.32
21.83
24.55
21.66
26.74
22.58
24.64
23.24
22.67
22.60
24.06
22.07
23.41
23.37
27.19
27.27
25.87
27.09
22.42
22.90
26.39
25.74
26.54
23.87
22.24
27.55
23.81
27.02
22.38
24.22
24.65
27.47
25.41
23.10
24.87
21.24
24.96
21.68
23.16
27.45
25.42
23.79
21.59
23.69
21.14
21.50
22.52
28.00
27.89
26.74
24.02
21.56
21.20
21.57
23.87
23.65
27.85
25.91
28.05
25.66
27.90
22.91
26.63
25.63
25.68
24.98
26.91
24.40
22.30
25.49
21.98
24.90
25.12
21.30
25.47
26.82
21.91
27.69
24.18
21.58
24.45
23.62
21.89
25.43
21.96
24.65
23.19
26.70
21.88
24.19
21.92
27.33
25.31
27.43
26.41
24.48
26.09
23.67
25.52
21.40
21.58
25.73
25.11
23.71
27.20
25.81
25.87
25.00
24.68
23.93
23.31
27.08
21.54
23.21
25.49
27.13
22.79
24.31
22.13
23.01
21.61
21.64
22.22
25.42
27.85
25.17
27.70
23.49
25.10
23.11
27.51
24.47
25.22
26.03
24.52
