17.68
13.82
16.21
19.32
15.27
14.46
15.27
18.21
15.56
17.44
17.69
13.81
16.85
15.18
18.60
18.19
13.89
17.04
13.71
18.66
15.35
18.73
14.21
17.28
16.02
19.40
15.97
18.89
19.05
18.10
12.85
16.21
18.18
19.54
16.80
18.68
15.10
17.79
14.35
17.65
14.52
16.98
15.84
14.38
19.38
18.94
15.79
16.06
19.52
13.78
14.72
13.50
19.48
18.68
17.74
19.72
14.59
17.77
16.67
14.31
12.86
17.40
14.33
14.43
19.10
18.85
14.36
18.90
16.00
17.08
17.60
17.64
15.96
14.67
16.27
14.74
19.50
16.34
19.37
12.72
16.80
19.29
14.69
15.32
14.57
18.51
12.85
13.97
13.26
15.34
13.74
16.95
17.66
13.04
18.01
18.40
17.81
15.73
14.83
17.12
15.16
14.43
14.30
13.14
16.86
12.82
15.55
15.08
17.92
18.22
18.67
15.88
13.21
15.67
16.65
17.05
19.64
17.30
16.90
13.30
17.89
18.18
15.88
15.77
12.84
18.42
18.74
13.91
18.90
14.63
14.07
15.24
18.06
18.31
13.80
16.99
17.89
13.48
16.03
15.85
18.93
17.37
14.25
19.40
16.41
17.49
13.52
19.78
13.05
13.79
14.83
15.40
13.96
16.70
14.70
17.47
13.89
15.74
16.88
15.12
16.78
14.82
17.90
18.18
19.01
18.59
14.35
12.84
14.04
15.18
14.80
17.22
18.50
18.68
18.35
14.12
18.86
14.14
15.38
18.18
15.45
17.96
16.34
12.90
18.78
18.59
18.94
15.59
15.03
13.86
16.40
13.26
14.84
14.98
19.37
16.45
13.64
16.99
13.28
14.99
18.94
16.75
18.37
16.80
16.59
17.88
19.36
17.87
12.74
16.30
15.46
13.80
12.84
16.58
15.00
15.82
15.64
15.34
13.86
13.64
14.02
14.83
17.26
15.87
19.22
13.27
14.17
14.80
19.19
17.42
14.00
19.07
15.64
17.67
15.14
19.20
13.10
18.85
14.20
18.92
19.78
19.45
14.00
13.47
15.01
18.38
17.00
19.31
17.32
15.26
17.14
16.93
18.92
16.45
16.65
12.93
13.98
18.71
19.10
15.45
13.19
14.94
19.17
13.52
16.38
15.25
13.34
14.86
13.62
18.29
18.02
13.86
14.04
18.94
15.43
13.77
18.26
17.86
17.29
19.56
13.83
15.42
13.01
19.74
12.81
19.75
14.82
13.62
13.42
19.61
13.67
19.39
14.81
14.04
16.80
15.65
17.61
14.70
16.12
17.10
17.34
13.18
17.58
16.28
15.45
13.60
15.92
18.63
17.69
16.35
14.97
17.72
19.71
12.92
14.36
19.32
15.69
16.24
14.24
12.87
14.04
18.98
14.09
18.20
19.07
14.66
13.58
19.24
14.12
17.41
15.87
17.14
16.47
14.71
18.59
14.07
13.40
13.08
15.79
19.17
17.17
16.40
13.53
17.16
18.03
16.43
13.66
13.08
17.45
16.10
14.46
16.04
17.00
17.20
18.77
16.12
17.91
17.02
18.91
13.66
16.50
15.01
16.02
14.43
19.25
15.78
12.74
17.44
15.56
12.70
13.29
14.16
18.01
17.83
19.31
13.33
18.35
16.42
14.92
16.36
14.45
13.23
19.72
13.15
13.89
17.33
16.63
14.45
18.65
19.29
13.79
13.67
16.19
19.75
17.14
12.71
18.26
16.30
13.22
13.60
15.00
18.88
19.39
14.07
18.71
14.71
16.90
14.60
17.79
14.53
14.10
19.01
16.83
14.64
18.89
15.59
14.45
15.94
13.97
13.01
17.35
15.99
17.02
19.08
16.62
17.32
16.18
19.02
16.43
13.67
18.26
12.73
13.99
17.70
19.44
17.23
13.99
16.23
14.74
12.69
18.27
17.30
19.76
18.02
13.17
15.86
18.07
19.72
18.42
15.82
15.03
19.78
14.61
16.18
16.37
13.96
13.31
16.51
14.60
18.56
17.88
18.09
15.84
18.79
18.49
14.48
14.80
14.91
13.74
13.42
14.27
16.98
14.98
19.55
19.28
18.89
17.18
15.80
17.82
14.92
13.77
12.76
13.03
19.15
17.02
18.03
13.13
16.32
15.67
15.47
14.47
17.57
14.33
16.23
18.05
16.06
17.39
13.99
16.74
15.93
15.38
13.28
18.37
19.14
13.12
14.02
18.55
14.52
16.83
18.26
17.13
13.00
15.28
17.65
19.12
16.50
18.17
19.24
18.52
18.90
13.33
14.86
16.44
18.75
16.38
18.86
16.18
18.07
19.31
18.29
16.01
14.45
18.98
15.40
18.61
18.69
15.04
14.04
17.69
19.72
14.18
19.54
19.55
14.74
19.07
14.06
12.96
15.86
19.39
16.30
13.29
15.32
18.52
18.08
13.89
18.74
17.10
16.75
13.23
19.50
16.26
14.41
15.65
16.51
16.77
15.57
13.66
17.01
15.29
17.49
13.07
13.53
13.72
14.24
17.17
17.50
17.63
12.99
19.05
19.83
16.94
16.19
17.93
18.48
17.05
18.98
19.00
15.32
13.68
15.67
14.78
15.57
17.13
16.31
14.41
19.09
12.70
19.02
13.21
16.41
18.96
14.80
18.98
17.42
17.33
13.40
15.86
13.38
13.97
15.07
13.69
16.97
19.45
13.70
13.27
17.25
18.81
13.50
14.95
14.75
14.49
15.52
18.29
16.99
15.35
14.81
13.84
13.34
15.83
12.90
12.97
17.22
19.26
15.70
15.76
13.31
18.35
12.96
12.84
17.26
16.44
13.09
13.68
18.83
14.29
17.55
17.73
16.65
16.63
18.41
13.42
17.80
17.55
13.70
16.44
15.94
18.82
14.38
17.80
17.47
19.78
13.33
17.48
17.90
15.19
16.47
13.95
15.45
16.32
17.50
14.81
16.90
13.02
18.69
15.58
15.01
15.18
19.39
19.61
18.20
16.77
13.11
14.20
18.11
17.77
12.85
15.10
17.50
12.88
15.41
13.03
14.86
13.87
18.80
14.64
17.87
13.57
15.54
12.95
16.03
15.45
14.05
16.19
16.10
18.94
16.58
12.99
12.98
13.50
16.98
18.49
17.29
17.84
16.23
18.48
14.09
18.45
16.75
18.18
16.50
13.26
17.10
14.29
15.54
17.00
18.16
12.87
19.56
19.45
13.66
16.17
12.97
19.05
18.20
13.75
16.91
17.35
13.36
19.45
12.76
16.88
17.71
14.84
13.48
15.57
12.92
15.67
17.68
15.34
15.51
14.76
14.59
18.95
13.60
17.20
17.54
18.68
14.94
19.63
19.52
16.39
16.31
18.98
13.43
14.29
14.44
14.33
13.68
18.88
17.25
15.28
14.70
15.37
14.67
12.67
16.02
19.34
14.45
13.17
18.92
19.58
16.69
13.39
17.37
13.01
14.94
16.29
18.29
17.05
18.60
13.42
19.57
18.24
13.88
18.48
16.97
15.44
19.29
15.84
16.23
17.94
15.69
15.60
15.59
14.13
18.73
17.07
17.72
19.63
19.44
18.75
15.54
18.43
17.55
15.56
14.98
13.81
15.43
15.82
19.25
16.49
13.60
13.64
14.03
17.44
15.83
15.55
14.30
19.27
19.32
17.66
18.69
16.33
14.73
19.35
15.21
19.36
19.43
18.41
17.05
17.80
17.14
15.94
16.06
17.75
19.37
19.40
15.53
14.05
19.05
18.46
19.64
15.60
18.72
14.34
14.88
13.12
15.37
16.98
18.49
12.85
17.54
19.40
19.47
13.30
15.22
17.95
18.95
13.96
19.76
12.87
18.46
19.44
19.54
17.32
18.07
14.01
16.23
19.48
17.67
18.24
12.71
13.20
19.41
15.88
16.24
14.46
13.58
15.09
19.07
17.31
16.58
17.55
16.49
16.96
17.52
15.17
18.69
16.84
14.30
14.39
16.40
19.29
13.63
13.61
12.84
16.46
15.82
14.07
19.15
12.89
16.89
14.36
14.07
14.57
17.91
19.20
13.06
16.42
19.02
15.67
15.54
14.96
13.12
12.72
15.45
19.54
13.75
16.59
13.71
13.28
14.97
14.94
15.70
17.77
13.81
16.54
15.74
19.57
19.21
17.81
18.73
15.77
13.96
17.44
18.57
17.44
12.75
16.02
15.70
17.67
17.88
17.56
19.70
16.19
19.49
15.72
18.18
13.19
19.30
16.28
12.93
13.08
14.44
17.84
16.06
13.10
14.02
18.07
14.31
14.23
13.03
16.78
13.13
13.36
19.44
18.18
17.21
16.35
15.34
18.75
14.26
15.40
16.18
18.72
14.04
16.31
18.70
19.63
15.10
17.75
17.55
15.68
13.05
18.13
17.79
18.80
19.45
15.65
18.09
15.14
17.43
16.31
15.05
13.46
14.53
17.66
17.74
16.90
14.83
13.60
15.94
16.15
13.93
18.81
17.31
14.91
18.67
16.81
18.04
17.32
17.59
13.30
17.14
18.22
13.37
18.31
15.99
15.92
15.35
18.85
19.72
14.64
19.60
17.87
14.85
13.44
18.05
13.94
18.54
16.21
18.20
16.00
16.10
19.34
12.89
17.54
18.09
14.79
15.91
14.74
19.05
18.04
16.99
19.10
18.40
16.67
16.89
19.46
17.66
12.99
19.08
15.52
14.66
13.34
14.17
16.89
19.25
16.30
12.96
14.67
16.48
13.80
17.34
14.45
17.39
15.01
15.05
16.65
14.32
15.64
14.66
19.51
16.80
16.34
13.62
19.31
14.80
17.47
19.63
12.86
16.21
16.76
14.36
12.69
17.15
16.96
16.50
15.98
17.99
13.84
15.01
17.60
14.86
16.27
17.56
19.72
19.08
16.61
17.64
15.66
14.06
15.47
18.58
17.61
19.29
15.41
18.02
15.73
19.44
12.82
12.84
18.61
18.28
13.68
15.53
19.45
17.37
14.96
15.12
17.76
14.77
19.08
18.19
15.39
14.95
16.18
17.06
13.91
18.72
17.09
13.22
15.68
16.01
14.03
15.33
12.77
15.84
13.30
13.71
17.58
15.38
14.24
13.59
18.76
17.83
15.29
19.01
17.11
16.62
17.35
13.44
13.63
14.22
15.24
17.56
12.97
18.31
14.44
14.90
14.49
19.67
15.15
13.11
12.70
17.26
13.81
17.62
14.59
14.37
18.71
14.29
17.84
14.22
19.41
16.30
13.49
15.00
14.71
13.60
16.99
14.65
15.52
14.10
19.76
16.29
16.56
17.53
13.56
17.27
18.64
15.91
18.38
18.93
16.25
18.03
17.35
12.93
14.91
15.34
19.29
14.88
18.68
16.97
14.96
14.15
17.64
13.01
18.27
16.22
13.65
15.56
16.36
13.14
15.82
13.76
18.69
18.15
18.39
19.63
13.25
14.84
13.32
16.49
14.91
15.14
13.37
14.23
15.77
17.48
18.75
16.05
12.91
16.59
15.91
19.06
14.85
15.88
19.72
15.32
16.08
16.47
12.91
15.71
15.88
16.39
14.23
16.14
19.42
14.33
16.54
14.52
16.41
18.02
15.19
13.96
13.17
14.82
19.28
15.79
13.81
18.19
16.68
